T,2017,06,20,00,04,29
B,809185,66654,494,3447,452010,21417,533,3448,993.2,300.3
G,2166531,110902,451,3447,1193485,28744,470,3448,993.2,300.3
R,1097176,83966,5673,3447,606501,38379,5505,3448,993.2,300.3
D,NBXX,2400,3.710e-5,2.576e-5,1.515e-5,3.460e-6,2.876e-6,2.433e-6
Y,130409,993.2,300.3,297.9,85.6,12.5,6.0,0,0000
T,2017,06,20,00,09,29
B,810938,68894,774,3447,452208,22183,788,3447,993.2,300.2
G,2167990,113946,450,3447,1195461,28894,475,3447,993.2,300.2
R,1098183,85553,5409,3447,605605,38245,5440,3447,993.2,300.2
D,NBXX,2100,3.902e-5,2.720e-5,1.624e-5,3.589e-6,2.942e-6,2.567e-6
Y,130497,993.2,300.2,297.9,86.1,12.5,6.0,0,0000
T,2017,06,20,00,14,29
B,807733,68814,542,3447,454105,21530,576,3447,993.1,300.1
G,2167175,113956,456,3447,1198024,28765,449,3447,993.1,300.1
R,1097543,84911,5394,3447,605710,38162,5393,3447,993.1,300.1
D,NBXX,1800,3.993e-5,2.724e-5,1.593e-5,3.512e-6,2.895e-6,2.569e-6
Y,130448,993.1,300.1,297.9,85.9,12.5,6.0,0,0000
T,2017,06,20,00,19,29
B,810990,70556,771,3448,452998,22169,804,3447,993.2,300.1
G,2167823,116870,404,3448,1201510,29383,461,3447,993.2,300.1
R,1097599,86223,5268,3448,606262,38507,5218,3447,993.2,300.1
D,NBXX,1500,4.118e-5,2.866e-5,1.688e-5,3.557e-6,3.218e-6,2.970e-6
Y,130449,993.2,300.1,297.8,86.6,12.5,6.0,0,0000
T,2017,06,20,00,24,29
B,809550,69999,944,3447,454070,22330,982,3447,993.3,300.1
G,2170125,114630,451,3447,1196746,29234,450,3447,993.3,300.1
R,1098876,85056,5258,3447,605136,37791,5361,3447,993.3,300.1
D,NBXX,1200,4.008e-5,2.749e-5,1.608e-5,3.273e-6,3.106e-6,2.450e-6
Y,130626,993.3,300.1,297.9,86.8,12.5,6.0,0,0000
T,2017,06,20,00,29,29
B,810414,69353,1093,3447,454356,22296,1031,3448,993.3,300.1
G,2169535,113060,475,3447,1195454,28908,445,3448,993.3,300.1
R,1098122,83827,5226,3447,605066,37706,5054,3448,993.3,300.1
D,NBXX,900,3.884e-5,2.673e-5,1.563e-5,2.891e-6,2.938e-6,2.631e-6
Y,130590,993.3,300.1,297.9,86.4,12.5,6.0,0,0000
T,2017,06,20,00,34,29
B,809632,69857,1145,3447,453009,22810,1099,3447,993.4,300.1
G,2168155,114175,484,3447,1193916,29093,444,3447,993.4,300.1
R,1096518,84118,5175,3447,606330,38077,5217,3447,993.4,300.1
D,NBXX,600,3.941e-5,2.731e-5,1.578e-5,3.418e-6,3.035e-6,2.796e-6
Y,130507,993.4,300.1,297.8,86.6,12.5,6.0,0,0000
T,2017,06,20,00,39,29
B,807428,69290,1210,3448,451981,23310,1138,3447,993.4,300.0
G,2169873,111901,392,3448,1193440,28608,417,3447,993.4,300.0
R,1098563,83235,5058,3448,604793,37677,4945,3447,993.4,300.0
D,NBXX,300,3.875e-5,2.623e-5,1.545e-5,3.999e-6,2.861e-6,2.802e-6
Y,130573,993.4,300.0,297.7,86.1,12.5,6.0,0,0000
T,2017,06,20,00,44,29
B,810309,69526,1329,3447,452787,23573,1353,3447,993.4,300.0
G,2168997,111868,423,3447,1198816,28950,461,3447,993.4,300.0
R,1098582,83714,5043,3447,604395,37204,4920,3447,993.4,300.0
D,BBXX,30,4.882e-5,2.745e-5,2.539e-5,2.304e-5,1.050e-5,1.204e-5
Y,130558,993.4,300.0,297.7,86.6,12.5,6.0,0,0000
T,2017,06,20,00,49,29
B,731915,36833,1223,3114,408517,18548,1216,3114,987.6,300.2
G,1965438,51865,423,3114,1083828,20573,349,3114,987.6,300.2
R,991590,50577,4729,3114,546586,30031,4604,3114,987.6,300.2
D,ZBXX,30,4.945e-5,2.726e-5,2.510e-5,2.284e-5,1.052e-5,1.210e-5
Y,130957,987.6,300.2,297.7,85.1,12.5,6.0,0,0000
T,2017,06,20,00,54,29
B,809364,68546,1300,3447,453245,23398,1337,3447,993.4,300.0
G,2170253,111029,412,3447,1194465,29075,434,3447,993.4,300.0
R,1096878,82918,5079,3447,604398,37238,5029,3447,993.4,300.0
D,NBXX,3000,3.671e-5,2.596e-5,1.558e-5,3.915e-6,3.082e-6,2.402e-6
Y,130634,993.4,300.0,297.6,86.4,12.5,6.0,0,0000
Z,4.930e-5,2.728e-5,2.508e-5,2.275e-5,1.049e-5,1.214e-5,2.472e-5,1.084e-5,4.070e-6
T,2017,06,20,00,59,29
B,808273,69177,1172,3448,452243,22597,1157,3447,993.3,300.0
G,2169851,112804,468,3448,1197004,29172,445,3447,993.3,300.0
R,1096583,84228,4973,3448,603456,37701,4988,3447,993.3,300.0
D,NBXX,2700,3.812e-5,2.680e-5,1.643e-5,3.374e-6,3.098e-6,2.773e-6
Y,130571,993.3,300.0,297.7,86.4,12.5,6.0,0,0000
T,2017,06,20,01,04,29
B,810161,69377,1204,3447,454235,23014,1196,3447,993.2,300.0
G,2170303,112771,486,3447,1198984,28893,453,3447,993.2,300.0
R,1095706,82871,5093,3447,603486,37360,4938,3447,993.2,300.0
D,NBXX,2400,3.807e-5,2.676e-5,1.564e-5,3.745e-6,2.941e-6,2.539e-6
Y,130637,993.2,300.0,297.7,86.8,12.5,6.0,0,0000
T,2017,06,20,01,09,29
B,807715,70319,1418,3447,451713,23312,1440,3448,993.1,299.9
G,2171505,113975,434,3447,1197613,29223,428,3448,993.1,299.9
R,1097514,83999,4937,3447,603295,37476,4976,3448,993.1,299.9
D,NBXX,2100,3.889e-5,2.735e-5,1.630e-5,3.511e-6,3.133e-6,2.653e-6
Y,130709,993.1,299.9,297.6,86.8,12.5,6.0,0,0000
T,2017,06,20,01,14,29
B,808804,69793,1328,3447,452563,23294,1384,3447,993.1,299.9
G,2176629,112961,408,3447,1200701,28947,384,3447,993.1,299.9
R,1097447,83621,5024,3447,604604,36980,4988,3447,993.1,299.9
D,NBXX,1800,3.829e-5,2.677e-5,1.602e-5,3.682e-6,3.011e-6,2.311e-6
Y,131018,993.1,299.9,297.6,87.1,12.5,6.0,0,0000
T,2017,06,20,01,19,29
B,808879,69441,1370,3448,451795,23467,1393,3447,993.1,299.9
G,2175762,113655,430,3448,1197013,28723,457,3447,993.1,299.9
R,1097988,84010,4841,3448,605730,37284,4886,3447,993.1,299.9
D,NBXX,1500,3.775e-5,2.708e-5,1.641e-5,3.838e-6,2.858e-6,2.671e-6
Y,130928,993.1,299.9,297.6,87.1,12.5,6.0,0,0000
T,2017,06,20,01,24,29
B,810753,70185,1191,3447,453452,23022,1265,3447,993.0,299.8
G,2176173,115141,407,3447,1201021,28731,414,3447,993.0,299.8
R,1096781,84882,4997,3447,604131,37582,4920,3447,993.0,299.8
D,NBXX,1200,3.895e-5,2.782e-5,1.683e-5,3.637e-6,2.893e-6,2.727e-6
Y,130991,993.0,299.8,297.6,87.1,12.5,6.0,0,0000
T,2017,06,20,01,29,29
B,810721,67841,536,3447,452009,21183,477,3448,992.9,299.8
G,2175089,113180,427,3447,1201941,29068,435,3448,992.9,299.8
R,1096502,84277,4958,3447,604858,37402,4856,3448,992.9,299.8
D,NBXX,900,3.804e-5,2.688e-5,1.656e-5,3.411e-6,3.035e-6,2.690e-6
Y,130925,992.9,299.8,297.6,87.1,12.5,6.0,0,0000
T,2017,06,20,01,34,29
B,807141,66791,421,3447,452108,21312,420,3447,992.9,299.8
G,2174759,111967,396,3447,1199517,28623,409,3447,992.9,299.8
R,1097064,83132,4905,3447,605061,36807,4986,3447,992.9,299.8
D,NBXX,600,3.730e-5,2.633e-5,1.583e-5,3.968e-6,2.858e-6,2.297e-6
Y,130905,992.9,299.8,297.6,87.8,12.5,6.0,0,0000
T,2017,06,20,01,39,29
B,809789,65019,478,3448,452052,20943,524,3447,992.9,299.9
G,2179063,109261,395,3448,1200461,28562,409,3447,992.9,299.9
R,1099389,81311,4807,3448,605911,37023,4917,3447,992.9,299.9
D,NBXX,300,3.447e-5,2.492e-5,1.482e-5,3.171e-6,2.807e-6,2.505e-6
Y,131127,992.9,299.9,297.7,87.9,12.5,6.0,0,0000
T,2017,06,20,01,44,29
B,809871,65195,440,3447,451103,21383,434,3447,992.7,299.9
G,2180819,108291,477,3447,1201081,28358,457,3447,992.7,299.9
R,1097528,80993,5031,3447,604987,36800,4974,3447,992.7,299.9
D,BBXX,30,4.930e-5,2.728e-5,2.508e-5,2.275e-5,1.049e-5,1.214e-5
Y,131271,992.7,299.9,297.7,88.1,12.5,6.0,0,0000
T,2017,06,20,01,49,29
B,732361,34615,372,3114,408472,16579,327,3114,986.8,300.0
G,1977245,52169,425,3114,1085519,20683,323,3114,986.8,300.0
R,992725,50199,4390,3114,547192,29069,4393,3114,986.8,300.0
D,ZBXX,30,4.911e-5,2.727e-5,2.523e-5,2.290e-5,1.053e-5,1.188e-5
Y,131746,986.8,300.0,297.6,86.8,12.5,6.0,0,0000
T,2017,06,20,01,54,29
B,807627,65128,389,3447,451974,21277,425,3447,992.5,299.9
G,2178821,107856,462,3447,1202510,28443,436,3447,992.5,299.9
R,1098395,80624,5041,3447,605760,36735,4964,3447,992.5,299.9
D,NBXX,3000,3.539e-5,2.420e-5,1.412e-5,3.790e-6,2.673e-6,2.389e-6
Y,131151,992.5,299.9,297.6,87.8,12.5,6.0,0,0000
Z,4.903e-5,2.728e-5,2.521e-5,2.292e-5,1.052e-5,1.190e-5,2.469e-5,1.084e-5,4.043e-6
T,2017,06,20,01,59,29
B,810276,66160,409,3448,452279,20975,433,3447,992.4,299.9
G,2180014,110359,428,3448,1203068,28781,436,3447,992.4,299.9
R,1097506,81936,4997,3448,606263,36785,4807,3447,992.4,299.9
D,NBXX,2700,3.643e-5,2.540e-5,1.504e-5,3.271e-6,2.852e-6,2.567e-6
Y,131184,992.4,299.9,297.6,88.1,12.5,6.0,0,0000
T,2017,06,20,02,04,29
B,808541,67613,401,3447,452332,21280,399,3447,992.3,299.9
G,2181207,112314,459,3447,1200864,28664,424,3447,992.3,299.9
R,1098168,83262,4984,3447,602458,36832,4862,3447,992.3,299.9
D,NBXX,2400,3.859e-5,2.630e-5,1.574e-5,3.785e-6,2.773e-6,2.552e-6
Y,131295,992.3,299.9,297.6,87.9,12.5,6.0,0,0000
T,2017,06,20,02,09,29
B,809775,66769,465,3447,453879,21155,368,3448,992.2,299.9
G,2181988,112167,413,3447,1207682,28853,405,3448,992.2,299.9
R,1096835,82849,5012,3447,606424,36766,4744,3448,992.2,299.9
D,NBXX,2100,3.730e-5,2.625e-5,1.562e-5,3.521e-6,2.892e-6,2.587e-6
Y,131342,992.2,299.9,297.6,87.9,12.5,6.0,0,0000
T,2017,06,20,02,14,29
B,810601,67386,407,3447,452805,20988,407,3447,992.2,299.9
G,2180680,112007,403,3447,1204133,28699,384,3447,992.2,299.9
R,1096400,82895,4978,3447,606007,36878,4754,3447,992.2,299.9
D,NBXX,1800,3.805e-5,2.622e-5,1.567e-5,3.312e-6,2.847e-6,2.678e-6
Y,131263,992.2,299.9,297.6,87.9,12.5,6.0,0,0000
T,2017,06,20,02,19,29
B,809690,67117,399,3447,453738,21109,435,3447,992.1,299.9
G,2180476,112123,419,3447,1206457,28993,380,3447,992.1,299.9
R,1096567,83152,5021,3447,606490,36997,4823,3447,992.1,299.9
D,NBXX,1500,3.776e-5,2.627e-5,1.574e-5,3.470e-6,2.984e-6,2.669e-6
Y,131251,992.1,299.9,297.6,88.1,12.5,6.0,0,0000
T,2017,06,20,02,24,29
B,809990,66730,427,3448,453230,21153,409,3447,992.0,299.8
G,2180950,110287,393,3448,1205906,28558,439,3447,992.0,299.8
R,1095328,82466,4889,3448,605678,36991,4790,3447,992.0,299.8
D,NBXX,1200,3.719e-5,2.536e-5,1.550e-5,3.509e-6,2.756e-6,2.797e-6
Y,131241,992.0,299.8,297.5,87.8,12.5,6.0,0,0000
T,2017,06,20,02,29,29
B,811900,68479,1044,3447,451085,22543,1012,3447,992.0,299.7
G,2183932,111863,407,3447,1202947,29164,429,3447,992.0,299.7
R,1096291,81984,4766,3447,604084,37045,4954,3447,992.0,299.7
D,NBXX,900,3.746e-5,2.601e-5,1.516e-5,3.409e-6,3.011e-6,2.783e-6
Y,131459,992.0,299.7,297.5,88.1,12.5,6.0,0,0000
T,2017,06,20,02,34,29
B,807970,70047,1537,3447,454839,23721,1479,3448,992.0,299.7
G,2183231,112125,322,3447,1205801,28944,427,3448,992.0,299.7
R,1097358,82836,4811,3447,605320,36703,4941,3448,992.0,299.7
D,NBXX,600,3.851e-5,2.621e-5,1.559e-5,3.616e-6,2.954e-6,2.547e-6
Y,131417,992.0,299.7,297.4,88.3,12.5,6.0,0,0000
T,2017,06,20,02,39,29
B,808627,70424,1365,3447,452549,23434,1398,3447,991.9,299.7
G,2177546,115294,412,3447,1205651,29115,372,3447,991.9,299.7
R,1096026,83942,4879,3447,605620,36843,4750,3447,991.9,299.7
D,NBXX,300,3.931e-5,2.786e-5,1.635e-5,3.611e-6,3.056e-6,2.731e-6
Y,131074,991.9,299.7,297.4,88.3,12.5,6.0,0,0000
T,2017,06,20,02,44,29
B,811100,70671,1018,3447,453285,22767,1033,3448,991.8,299.6
G,2185435,115754,393,3447,1204365,29496,393,3448,991.8,299.6
R,1095837,84854,4695,3447,606833,37163,4908,3448,991.8,299.6
D,BBXX,30,4.903e-5,2.728e-5,2.521e-5,2.292e-5,1.052e-5,1.190e-5
Y,131550,991.8,299.6,297.4,88.4,12.5,6.0,0,0000
T,2017,06,20,02,49,29
B,732476,35340,665,3114,408368,17164,667,3114,985.9,299.8
G,1976057,52060,362,3114,1086456,20441,326,3114,985.9,299.8
R,993279,49453,4317,3114,545782,29234,4330,3114,985.9,299.8
D,ZBXX,30,4.909e-5,2.727e-5,2.484e-5,2.268e-5,1.044e-5,1.208e-5
Y,131667,985.9,299.8,297.4,87.1,12.5,6.0,0,0000
T,2017,06,20,02,54,29
B,809288,70846,774,3447,453965,22133,839,3448,991.7,299.8
G,2180260,117350,413,3447,1204793,29245,381,3448,991.7,299.8
R,1097404,85509,4640,3447,603977,36906,4715,3448,991.7,299.8
D,NBXX,3000,4.140e-5,2.884e-5,1.775e-5,3.782e-6,3.182e-6,2.709e-6
Y,131237,991.7,299.8,297.5,87.9,12.5,6.0,0,0000
Z,4.914e-5,2.721e-5,2.483e-5,2.276e-5,1.043e-5,1.212e-5,2.469e-5,1.081e-5,4.043e-6
T,2017,06,20,02,59,29
B,809300,71331,749,3447,452423,22288,739,3447,991.8,299.8
G,2177235,119611,361,3447,1205483,29796,425,3447,991.8,299.8
R,1096034,85567,4665,3447,604192,36795,4749,3447,991.8,299.8
D,NBXX,2700,4.222e-5,3.002e-5,1.779e-5,4.184e-6,3.475e-6,2.631e-6
Y,131055,991.8,299.8,297.5,87.9,12.5,6.0,0,0000
T,2017,06,20,03,04,29
B,810748,73180,732,3448,453096,22258,702,3447,991.8,299.8
G,2185759,123528,364,3448,1206764,30096,369,3447,991.8,299.8
R,1096263,88734,4940,3448,606316,37407,4713,3447,991.8,299.8
D,NBXX,2400,4.457e-5,3.171e-5,1.944e-5,4.186e-6,3.599e-6,2.824e-6
Y,131531,991.8,299.8,297.5,88.4,12.5,6.0,0,0000
T,2017,06,20,03,09,29
B,809371,74303,659,3447,453283,22368,621,3447,991.8,299.8
G,2186633,124877,384,3447,1206994,30256,365,3447,991.8,299.8
R,1095112,90025,4778,3447,604970,37699,4740,3447,991.8,299.8
D,NBXX,2100,4.643e-5,3.232e-5,2.031e-5,4.603e-6,3.657e-6,3.092e-6
Y,131622,991.8,299.8,297.6,88.1,12.5,6.0,0,0000
T,2017,06,20,03,14,29
B,810443,75260,627,3447,453186,22129,698,3448,991.8,299.8
G,2182382,127808,403,3447,1208643,30613,416,3448,991.8,299.8
R,1096984,90901,4858,3447,606111,37795,4688,3448,991.8,299.8
D,NBXX,1800,4.750e-5,3.381e-5,2.072e-5,4.176e-6,3.813e-6,3.097e-6
Y,131366,991.8,299.8,297.6,88.1,12.5,6.0,0,0000
T,2017,06,20,03,19,29
B,810061,76612,668,3447,451953,22622,638,3447,991.8,299.9
G,2186965,131130,424,3447,1205606,30800,414,3447,991.8,299.9
R,1094736,92002,4661,3447,604609,37935,4633,3447,991.8,299.9
D,NBXX,1500,4.938e-5,3.527e-5,2.161e-5,4.888e-6,3.867e-6,3.381e-6
Y,131642,991.8,299.9,297.7,88.1,12.5,6.0,0,0000
T,2017,06,20,03,24,29
B,808230,77329,409,3448,452832,22074,445,3447,991.8,299.8
G,2185157,131683,430,3448,1205655,30719,435,3447,991.8,299.8
R,1098226,93215,4813,3448,605022,38116,4740,3447,991.8,299.8
D,NBXX,1200,5.119e-5,3.557e-5,2.198e-5,4.913e-6,3.829e-6,3.269e-6
Y,131495,991.8,299.8,297.6,87.9,12.5,6.0,0,0000
T,2017,06,20,03,29,29
B,810785,79740,400,3447,452930,21961,399,3447,991.8,299.8
G,2185905,137542,455,3447,1208549,30966,380,3447,991.8,299.8
R,1096773,95604,4700,3447,606051,38441,4700,3447,991.8,299.8
D,NBXX,900,5.412e-5,3.839e-5,2.351e-5,4.752e-6,3.955e-6,3.571e-6
Y,131578,991.8,299.8,297.6,88.3,12.5,6.0,0,0000
T,2017,06,20,03,34,29
B,812221,79231,382,3447,451986,22551,341,3448,991.9,299.8
G,2185463,135580,430,3447,1207541,31078,405,3448,991.9,299.8
R,1098400,94339,4867,3447,605474,38366,4734,3448,991.9,299.8
D,NBXX,600,5.339e-5,3.746e-5,2.259e-5,5.583e-6,4.008e-6,3.366e-6
Y,131551,991.9,299.8,297.6,87.9,12.5,6.0,0,0000
T,2017,06,20,03,39,29
B,810690,79899,444,3447,451203,22385,416,3447,991.9,299.8
G,2184591,136952,435,3447,1205139,31156,442,3447,991.9,299.8
R,1095574,95444,4764,3447,605079,38355,4848,3447,991.9,299.8
D,NBXX,300,5.425e-5,3.812e-5,2.334e-5,5.219e-6,4.032e-6,3.398e-6
Y,131499,991.9,299.8,297.6,87.8,12.5,6.0,0,0000
T,2017,06,20,03,44,29
B,809233,79000,421,3447,453988,22070,427,3448,991.9,299.8
G,2184419,135661,405,3447,1212147,30961,416,3448,991.9,299.8
R,1097226,94126,4841,3447,607429,37784,4888,3448,991.9,299.8
D,BBXX,30,4.914e-5,2.721e-5,2.483e-5,2.276e-5,1.043e-5,1.212e-5
Y,131488,991.9,299.8,297.6,87.6,12.5,6.0,0,0000
T,2017,06,20,03,49,29
B,731949,34424,333,3114,406448,16420,338,3114,986.0,299.9
G,1974776,52297,361,3114,1090886,20642,371,3114,986.0,299.9
R,989820,49380,4302,3114,544711,29352,4234,3114,986.0,299.9
D,ZBXX,30,4.890e-5,2.738e-5,2.497e-5,2.273e-5,1.053e-5,1.228e-5
Y,131581,986.0,299.9,297.4,86.3,12.5,6.0,0,0000
T,2017,06,20,03,54,29
B,808223,79268,404,3447,452770,21983,435,3448,991.8,299.8
G,2182927,135344,411,3447,1206122,30804,421,3448,991.8,299.8
R,1094789,94042,4767,3447,603826,37832,4695,3448,991.8,299.8
D,NBXX,3000,5.378e-5,3.732e-5,2.254e-5,4.720e-6,3.807e-6,3.092e-6
Y,131398,991.8,299.8,297.4,87.3,12.5,6.0,0,0000
Z,4.911e-5,2.734e-5,2.496e-5,2.283e-5,1.053e-5,1.223e-5,2.466e-5,1.084e-5,4.043e-6
T,2017,06,20,03,59,29
B,807199,79526,389,3447,451426,22349,396,3447,991.8,299.8
G,2184936,135882,441,3447,1204319,31198,413,3447,991.8,299.8
R,1093225,95121,4870,3447,604638,38638,4760,3447,991.8,299.8
D,NBXX,2700,5.433e-5,3.751e-5,2.311e-5,5.328e-6,3.976e-6,3.470e-6
Y,131520,991.8,299.8,297.5,87.6,12.5,6.0,0,0000
T,2017,06,20,04,04,29
B,808772,78636,375,3448,451426,22236,410,3447,991.8,299.7
G,2180083,136042,391,3448,1207341,30929,438,3447,991.8,299.7
R,1093426,94193,4776,3448,603132,37916,4824,3447,991.8,299.7
D,NBXX,2400,5.295e-5,3.772e-5,2.259e-5,5.133e-6,3.884e-6,3.078e-6
Y,131189,991.8,299.7,297.5,87.4,12.5,6.0,0,0000
T,2017,06,20,04,09,29
B,808682,80500,366,3447,453478,22227,354,3447,991.8,299.7
G,2183585,138170,392,3447,1209361,30647,423,3447,991.8,299.7
R,1096223,95781,4760,3447,604511,38312,4722,3447,991.8,299.7
D,NBXX,2100,5.552e-5,3.864e-5,2.346e-5,5.215e-6,3.728e-6,3.338e-6
Y,131438,991.8,299.7,297.5,87.9,12.5,6.0,0,0000
T,2017,06,20,04,14,29
B,807961,80588,428,3447,453132,22130,420,3448,991.8,299.7
G,2189863,140125,433,3447,1211126,31320,385,3448,991.8,299.7
R,1096641,96442,4755,3447,606520,38294,4728,3448,991.8,299.7
D,NBXX,1800,5.553e-5,3.939e-5,2.382e-5,4.908e-6,4.005e-6,3.316e-6
Y,131817,991.8,299.7,297.5,88.1,12.5,6.0,0,0000
T,2017,06,20,04,19,29
B,806882,80446,403,3447,453849,22638,417,3447,991.8,299.7
G,2182108,138191,379,3447,1206718,31325,419,3447,991.8,299.7
R,1094410,95020,4772,3447,605318,38419,4679,3447,991.8,299.7
D,NBXX,1500,5.553e-5,3.871e-5,2.312e-5,5.667e-6,4.074e-6,3.446e-6
Y,131349,991.8,299.7,297.5,87.8,12.4,6.0,0,0000
T,2017,06,20,04,24,29
B,809492,79776,454,3448,453467,22356,421,3447,991.9,299.7
G,2185108,137667,442,3448,1209864,31351,433,3447,991.9,299.7
R,1092981,96016,4818,3448,605405,38004,4798,3447,991.9,299.7
D,NBXX,1200,5.423e-5,3.832e-5,2.365e-5,5.128e-6,4.028e-6,3.125e-6
Y,131492,991.9,299.7,297.5,87.6,12.5,6.0,0,0000
T,2017,06,20,04,29,29
B,807552,78404,456,3447,453470,22236,436,3447,991.9,299.7
G,2185671,136094,466,3447,1208576,31112,431,3447,991.9,299.7
R,1094313,94522,4733,3447,603337,38083,4666,3447,991.9,299.7
D,NBXX,900,5.264e-5,3.754e-5,2.287e-5,5.003e-6,3.893e-6,3.290e-6
Y,131564,991.9,299.7,297.5,87.4,12.5,6.0,0,0000
T,2017,06,20,04,34,29
B,807826,79212,469,3447,452948,22229,459,3447,991.9,299.7
G,2187054,135870,418,3447,1209054,30726,394,3447,991.9,299.7
R,1094813,94624,4842,3447,603973,37820,4590,3447,991.9,299.7
D,NBXX,600,5.362e-5,3.743e-5,2.289e-5,4.930e-6,3.745e-6,3.110e-6
Y,131647,991.9,299.7,297.5,87.4,12.5,6.0,0,0000
T,2017,06,20,04,39,29
B,812363,80923,1362,3447,453265,24117,1336,3448,991.9,299.7
G,2187202,134790,385,3447,1208153,30568,396,3448,991.9,299.7
R,1092622,93760,4847,3447,602675,38141,4684,3448,991.9,299.7
D,NBXX,300,5.265e-5,3.693e-5,2.243e-5,4.554e-6,3.682e-6,3.254e-6
Y,131656,991.9,299.7,297.5,87.4,12.5,6.0,0,0000
T,2017,06,20,04,44,29
B,808042,82665,2099,3447,452866,25692,2065,3447,992.0,299.7
G,2186376,135823,434,3447,1208612,30701,413,3447,992.0,299.7
R,1093440,94693,4682,3447,604107,37804,4729,3447,992.0,299.7
D,BBXX,30,4.911e-5,2.734e-5,2.496e-5,2.283e-5,1.053e-5,1.223e-5
Y,131607,992.0,299.7,297.6,87.3,12.5,6.0,0,0000
T,2017,06,20,04,49,29
B,731182,37327,1692,3114,409663,19271,1609,3114,986.2,299.9
G,1977658,52185,375,3114,1089640,20218,369,3114,986.2,299.9
R,989287,49457,4349,3114,547521,29240,4104,3114,986.2,299.9
D,ZBXX,30,4.877e-5,2.728e-5,2.509e-5,2.246e-5,1.028e-5,1.228e-5
Y,131773,986.2,299.9,297.5,86.1,12.5,6.0,0,0000
T,2017,06,20,04,54,29
B,806315,80816,1151,3447,451822,23499,1139,3446,992.0,299.7
G,2186523,137786,374,3447,1203446,31254,405,3446,992.0,299.7
R,1092037,95629,4738,3447,600228,37991,4719,3446,992.0,299.7
D,NBXX,3000,5.427e-5,3.843e-5,2.341e-5,4.917e-6,4.243e-6,3.183e-6
Y,131615,992.0,299.7,297.4,86.9,12.5,6.0,0,0000
Z,4.876e-5,2.730e-5,2.512e-5,2.251e-5,1.031e-5,1.228e-5,2.469e-5,1.084e-5,4.043e-6
T,2017,06,20,04,59,29
B,809087,79937,394,3447,451332,22180,400,3448,992.0,299.7
G,2188293,138528,424,3447,1210158,31088,398,3448,992.0,299.7
R,1094896,96241,4731,3447,604282,38444,4691,3448,992.0,299.7
D,NBXX,2700,5.499e-5,3.871e-5,2.366e-5,5.350e-6,4.119e-6,3.415e-6
Y,131722,992.0,299.7,297.3,87.3,12.5,6.0,0,0000
T,2017,06,20,05,04,29
B,810117,80240,424,3447,453074,22414,416,3447,992.1,299.7
G,2183948,138965,385,3447,1209249,31016,429,3447,992.1,299.7
R,1095131,97326,4674,3447,603628,38556,4816,3447,992.1,299.7
D,NBXX,2400,5.519e-5,3.905e-5,2.422e-5,5.560e-6,4.122e-6,3.436e-6
Y,131460,992.1,299.7,297.4,87.8,12.5,6.0,0,0000
T,2017,06,20,05,09,29
B,810231,79096,427,3448,451966,22073,414,3447,992.1,299.7
G,2189590,137909,424,3448,1209606,31242,382,3447,992.1,299.7
R,1093176,96829,4652,3448,603572,38611,4642,3447,992.1,299.7
D,NBXX,2100,5.367e-5,3.838e-5,2.415e-5,5.115e-6,4.201e-6,3.631e-6
Y,131762,992.1,299.7,297.4,87.6,12.5,6.0,0,0000
T,2017,06,20,05,14,29
B,809531,82092,1076,3447,451064,23645,1135,3447,992.1,299.6
G,2188626,139900,398,3447,1208522,31876,393,3447,992.1,299.6
R,1094562,98088,4695,3447,602771,38677,4746,3447,992.1,299.6
D,NBXX,1800,5.565e-5,3.937e-5,2.472e-5,5.112e-6,4.516e-6,3.546e-6
Y,131742,992.1,299.6,297.3,87.8,12.5,6.0,0,0000
T,2017,06,20,05,19,29
B,808795,84588,2149,3447,451828,26266,2099,3448,992.1,299.6
G,2186253,140367,370,3447,1208479,31876,400,3448,992.1,299.6
R,1095622,97903,4764,3447,603155,38911,4598,3448,992.1,299.6
D,NBXX,1500,5.599e-5,3.968e-5,2.461e-5,5.473e-6,4.540e-6,3.711e-6
Y,131599,992.1,299.6,297.3,87.8,12.5,6.0,0,0000
T,2017,06,20,05,24,29
B,809459,83341,1793,3447,453827,25330,1736,3447,992.2,299.6
G,2186144,140446,398,3447,1207737,31818,363,3447,992.2,299.6
R,1092476,98844,4798,3447,604056,38941,4532,3447,992.2,299.6
D,NBXX,1200,5.534e-5,3.973e-5,2.532e-5,5.323e-6,4.522e-6,3.801e-6
Y,131593,992.2,299.6,297.3,87.6,12.5,6.0,0,0000
T,2017,06,20,05,29,29
B,808256,80286,439,3448,453125,22487,445,3447,992.2,299.5
G,2189107,140686,372,3448,1206547,32180,369,3447,992.2,299.5
R,1094713,99094,4699,3448,602000,38375,4558,3447,992.2,299.5
D,NBXX,900,5.539e-5,3.976e-5,2.541e-5,5.649e-6,4.692e-6,3.498e-6
Y,131733,992.2,299.5,297.3,87.6,12.5,6.0,0,0000
T,2017,06,20,05,34,29
B,807881,81038,398,3447,451683,22176,430,3447,992.2,299.5
G,2186627,140144,320,3447,1205796,31721,387,3447,992.2,299.5
R,1093287,98938,4705,3447,603441,38973,4544,3447,992.2,299.5
D,NBXX,600,5.652e-5,3.960e-5,2.539e-5,5.329e-6,4.502e-6,3.862e-6
Y,131622,992.2,299.5,297.3,87.8,12.5,6.0,0,0000
T,2017,06,20,05,39,29
B,808462,79923,454,3447,453037,22393,390,3448,992.3,299.5
G,2187417,139511,334,3447,1209439,31622,391,3448,992.3,299.5
R,1093065,98254,4706,3447,604044,38429,4572,3448,992.3,299.5
D,NBXX,300,5.495e-5,3.926e-5,2.499e-5,5.562e-6,4.435e-6,3.528e-6
Y,131669,992.3,299.5,297.2,87.8,12.5,6.0,0,0000
T,2017,06,20,05,44,29
B,808254,79103,375,3447,450915,22144,357,3447,992.3,299.5
G,2186328,138832,365,3447,1208882,31405,385,3447,992.3,299.5
R,1093716,98260,4651,3447,603790,38518,4609,3447,992.3,299.5
D,BBXX,30,4.876e-5,2.730e-5,2.512e-5,2.251e-5,1.031e-5,1.228e-5
Y,131604,992.3,299.5,297.2,87.9,12.5,6.0,0,0000
T,2017,06,20,05,49,29
B,729702,34579,366,3114,408065,16474,343,3114,986.4,299.6
G,1980401,52288,380,3114,1090241,20157,362,3114,986.4,299.6
R,987783,49150,4158,3114,544048,28840,4139,3114,986.4,299.6
D,ZBXX,30,4.922e-5,2.729e-5,2.505e-5,2.281e-5,1.024e-5,1.216e-5
Y,131957,986.4,299.6,297.1,86.6,12.5,6.0,0,0000
T,2017,06,20,05,54,29
B,806969,78642,359,3447,452792,22201,345,3447,992.2,299.5
G,2185550,138490,386,3447,1207570,31317,379,3447,992.2,299.5
R,1092122,97582,4532,3447,602602,38064,4565,3447,992.2,299.5
D,NBXX,3000,5.325e-5,3.878e-5,2.487e-5,5.303e-6,4.310e-6,3.671e-6
Y,131557,992.2,299.5,297.1,87.4,12.5,6.0,0,0000
Z,4.920e-5,2.735e-5,2.502e-5,2.280e-5,1.030e-5,1.207e-5,2.472e-5,1.087e-5,4.043e-6
T,2017,06,20,05,59,29
B,808196,78778,382,3447,450557,22333,372,3448,992.3,299.4
G,2186999,137815,336,3447,1207346,31609,408,3448,992.3,299.4
R,1091727,96925,4584,3447,602091,38300,4447,3448,992.3,299.4
D,NBXX,2700,5.320e-5,3.843e-5,2.456e-5,5.350e-6,4.448e-6,3.851e-6
Y,131644,992.3,299.4,297.1,87.9,12.5,6.0,0,0000
T,2017,06,20,06,04,29
B,808433,78447,353,3447,451850,22166,476,3447,992.3,299.4
G,2185222,137159,422,3447,1204995,31437,424,3447,992.3,299.4
R,1092094,96649,4624,3447,602177,37907,4542,3447,992.3,299.4
D,NBXX,2400,5.262e-5,3.811e-5,2.429e-5,5.015e-6,4.324e-6,3.536e-6
Y,131537,992.3,299.4,297.1,88.1,12.5,6.0,0,0000
T,2017,06,20,06,09,29
B,806733,78128,354,3448,451854,22169,399,3447,992.3,299.4
G,2186613,137073,380,3448,1205614,31460,375,3447,992.3,299.4
R,1093457,95880,4607,3448,602959,37957,4439,3447,992.3,299.4
D,NBXX,2100,5.253e-5,3.807e-5,2.387e-5,5.203e-6,4.381e-6,3.630e-6
Y,131583,992.3,299.4,297.1,87.9,12.5,6.0,0,0000
T,2017,06,20,06,14,29
B,807594,77609,405,3447,451459,22467,427,3447,992.4,299.4
G,2187674,136103,411,3447,1205806,31225,384,3447,992.4,299.4
R,1093630,96206,4618,3447,600805,38252,4610,3447,992.4,299.4
D,NBXX,1800,5.162e-5,3.755e-5,2.393e-5,5.437e-6,4.235e-6,3.670e-6
Y,131685,992.4,299.4,297.2,87.9,12.5,6.0,0,0000
T,2017,06,20,06,19,29
B,808314,77539,395,3447,453354,22192,362,3448,992.4,299.4
G,2190861,136406,424,3447,1210312,31421,372,3448,992.4,299.4
R,1091356,96639,4515,3447,602525,38311,4458,3448,992.4,299.4
D,NBXX,1500,5.155e-5,3.760e-5,2.445e-5,5.155e-6,4.302e-6,3.901e-6
Y,131877,992.4,299.4,297.1,87.9,12.5,6.0,0,0000
T,2017,06,20,06,24,29
B,808134,77758,419,3447,450904,22229,415,3447,992.4,299.3
G,2188820,135896,398,3447,1208141,31285,360,3447,992.4,299.3
R,1093047,96052,4616,3447,603927,38071,4433,3447,992.4,299.3
D,NBXX,1200,5.175e-5,3.744e-5,2.398e-5,5.101e-6,4.276e-6,3.694e-6
Y,131754,992.4,299.3,297.1,87.8,12.5,6.0,0,0000
T,2017,06,20,06,29,29
B,808146,79253,398,3448,453417,22285,389,3447,992.4,299.3
G,2185483,138710,381,3448,1212324,32121,359,3447,992.4,299.3
R,1092759,97744,4544,3448,604503,38678,4482,3447,992.4,299.3
D,NBXX,900,5.378e-5,3.890e-5,2.498e-5,5.254e-6,4.715e-6,4.067e-6
Y,131514,992.4,299.3,297.1,88.1,12.5,6.0,0,0000
T,2017,06,20,06,34,29
B,806886,77552,365,3447,453436,22341,366,3447,992.5,299.4
G,2189088,137262,356,3447,1211607,31722,342,3447,992.5,299.4
R,1093449,97277,4516,3447,603245,37835,4451,3447,992.5,299.4
D,NBXX,600,5.179e-5,3.812e-5,2.472e-5,5.450e-6,4.518e-6,3.607e-6
Y,131770,992.5,299.4,297.2,87.8,12.5,6.0,0,0000
T,2017,06,20,06,39,29
B,808049,77750,361,3447,451153,21846,387,3448,992.5,299.4
G,2190547,136434,428,3447,1205997,31884,404,3448,992.5,299.4
R,1092813,95917,4577,3447,600432,37891,4503,3448,992.5,299.4
D,NBXX,300,5.188e-5,3.761e-5,2.390e-5,4.723e-6,4.507e-6,3.568e-6
Y,131858,992.5,299.4,297.1,87.8,12.5,6.0,0,0000
T,2017,06,20,06,44,29
B,806743,76556,400,3447,450387,22142,411,3447,992.6,299.3
G,2186729,132991,395,3447,1208042,31197,385,3447,992.6,299.3
R,1091196,94769,4438,3447,602963,37524,4403,3447,992.6,299.3
D,BBXX,30,4.920e-5,2.735e-5,2.502e-5,2.280e-5,1.030e-5,1.207e-5
Y,131628,992.6,299.3,297.1,87.4,12.5,6.0,0,0000
T,2017,06,20,06,49,29
B,729405,34635,365,3114,408160,16510,328,3114,986.8,299.5
G,1978959,52060,370,3114,1093911,20829,352,3114,986.8,299.5
R,988854,48720,4039,3114,544387,28308,4020,3114,986.8,299.5
D,ZBXX,30,4.935e-5,2.721e-5,2.492e-5,2.290e-5,1.061e-5,1.198e-5
Y,131860,986.8,299.5,297.1,86.3,12.5,6.0,0,0000
T,2017,06,20,06,54,29
B,807546,76224,386,3448,449860,21985,375,3447,992.7,299.5
G,2189314,133628,378,3448,1207382,31490,405,3447,992.7,299.5
R,1091291,94774,4460,3448,601690,37712,4433,3447,992.7,299.5
D,NBXX,3000,4.968e-5,3.649e-5,2.355e-5,4.835e-6,4.062e-6,3.690e-6
Y,131746,992.7,299.5,297.1,86.9,12.5,6.0,0,0000
Z,4.943e-5,2.718e-5,2.489e-5,2.289e-5,1.060e-5,1.200e-5,2.475e-5,1.087e-5,4.043e-6
T,2017,06,20,06,59,29
B,806921,76586,429,3447,450747,22340,382,3447,992.7,299.5
G,2186393,133327,378,3447,1205894,31863,390,3447,992.7,299.5
R,1092645,95096,4397,3447,600966,38188,4361,3447,992.7,299.5
D,NBXX,2700,5.016e-5,3.644e-5,2.377e-5,5.240e-6,4.265e-6,4.028e-6
Y,131608,992.7,299.5,297.2,86.9,12.5,6.0,0,0000
T,2017,06,20,07,04,29
B,807934,77372,375,3447,451133,22043,377,3448,992.8,299.4
G,2190136,135217,402,3447,1208873,31978,377,3448,992.8,299.4
R,1091113,96192,4392,3447,602985,37997,4482,3448,992.8,299.4
D,NBXX,2400,5.116e-5,3.723e-5,2.439e-5,4.895e-6,4.284e-6,3.858e-6
Y,131834,992.8,299.4,297.1,87.4,12.5,6.0,0,0000
T,2017,06,20,07,09,29
B,807925,78623,395,3447,451992,22359,362,3447,992.8,299.4
G,2188343,138440,411,3447,1210396,32097,393,3447,992.8,299.4
R,1092765,97514,4387,3447,603196,38468,4374,3447,992.8,299.4
D,NBXX,2100,5.280e-5,3.882e-5,2.515e-5,5.312e-6,4.344e-6,4.184e-6
Y,131725,992.8,299.4,297.1,87.6,12.5,6.0,0,0000
T,2017,06,20,07,14,29
B,808054,78171,417,3448,452370,22336,316,3447,992.9,299.3
G,2192085,136848,400,3448,1210045,31758,380,3447,992.9,299.3
R,1091520,97255,4575,3448,602239,37906,4205,3447,992.9,299.3
D,NBXX,1800,5.222e-5,3.796e-5,2.504e-5,5.322e-6,4.173e-6,3.873e-6
Y,131913,992.9,299.3,297.0,87.6,12.5,6.0,0,0000
T,2017,06,20,07,19,29
B,808856,78415,413,3447,450882,22036,388,3447,992.9,299.3
G,2190688,135094,394,3447,1207666,31362,379,3447,992.9,299.3
R,1093198,95829,4387,3447,601391,38089,4415,3447,992.9,299.3
D,NBXX,1500,5.234e-5,3.716e-5,2.414e-5,4.788e-6,3.992e-6,3.933e-6
Y,131867,992.9,299.3,297.1,87.8,12.5,6.0,0,0000
T,2017,06,20,07,24,29
B,807879,78799,369,3447,451809,22231,403,3448,992.9,299.3
G,2188549,138684,372,3447,1209589,31473,363,3448,992.9,299.3
R,1093086,96804,4295,3447,601583,37943,4354,3448,992.9,299.3
D,NBXX,1200,5.301e-5,3.897e-5,2.480e-5,5.114e-6,4.077e-6,3.948e-6
Y,131738,992.9,299.3,297.1,87.6,12.5,6.0,0,0000
T,2017,06,20,07,29,29
B,807254,78939,393,3447,452124,22214,352,3447,993.0,299.3
G,2192227,138027,453,3447,1205905,31500,428,3447,993.0,299.3
R,1092865,96942,4379,3447,600154,37556,4314,3447,993.0,299.3
D,NBXX,900,5.332e-5,3.846e-5,2.486e-5,5.163e-6,3.988e-6,3.705e-6
Y,131960,993.0,299.3,297.1,87.6,12.5,6.0,0,0000
T,2017,06,20,07,34,29
B,808430,79126,380,3448,453279,22120,412,3447,993.0,299.3
G,2188228,138694,391,3448,1209786,31690,404,3447,993.0,299.3
R,1091035,96923,4443,3448,603685,38312,4455,3447,993.0,299.3
D,NBXX,600,5.334e-5,3.895e-5,2.480e-5,4.935e-6,4.158e-6,4.035e-6
Y,131680,993.0,299.3,297.0,87.6,12.5,6.0,0,0000
T,2017,06,20,07,39,29
B,805448,78303,419,3447,451418,22189,386,3447,993.0,299.3
G,2189308,136863,428,3447,1210503,31315,399,3447,993.0,299.3
R,1094348,95448,4437,3447,603325,38011,4401,3447,993.0,299.3
D,NBXX,300,5.262e-5,3.802e-5,2.384e-5,5.101e-6,3.949e-6,3.848e-6
Y,131784,993.0,299.3,297.1,87.8,12.5,6.0,0,0000
T,2017,06,20,07,44,29
B,807115,78045,336,3448,452078,22063,356,3447,993.0,299.3
G,2190927,136883,369,3448,1206511,31408,389,3447,993.0,299.3
R,1093397,95908,4523,3448,600163,37950,4557,3447,993.0,299.3
D,BBXX,30,4.943e-5,2.718e-5,2.489e-5,2.289e-5,1.060e-5,1.200e-5
Y,131843,993.0,299.3,297.1,87.8,12.5,6.0,0,0000
T,2017,06,20,07,49,29
B,728889,34745,351,3114,407513,16576,351,3114,987.2,299.4
G,1984643,52178,312,3114,1092329,20559,325,3114,987.2,299.4
R,986357,48795,4153,3114,543675,28628,3964,3114,987.2,299.4
D,ZBXX,30,4.953e-5,2.724e-5,2.499e-5,2.300e-5,1.049e-5,1.217e-5
Y,132240,987.2,299.4,297.1,86.6,12.5,6.0,0,0000
T,2017,06,20,07,54,29
B,809276,78390,364,3448,450617,22232,443,3447,993.1,299.4
G,2187590,137144,369,3448,1210448,31517,382,3447,993.1,299.4
R,1089411,95698,4338,3448,600963,37752,4324,3447,993.1,299.4
D,NBXX,3000,5.217e-5,3.822e-5,2.425e-5,4.996e-6,4.178e-6,3.695e-6
Y,131642,993.1,299.4,297.1,87.3,12.5,6.0,0,0000
Z,4.953e-5,2.720e-5,2.499e-5,2.294e-5,1.052e-5,1.221e-5,2.477e-5,1.087e-5,4.070e-6
T,2017,06,20,07,59,29
B,809684,79593,388,3447,450534,22445,394,3447,993.1,299.4
G,2187621,140199,354,3447,1206758,32157,361,3447,993.1,299.4
R,1092443,97896,4443,3447,600492,38040,4377,3447,993.1,299.4
D,NBXX,2700,5.374e-5,3.971e-5,2.527e-5,5.291e-6,4.501e-6,3.706e-6
Y,131682,993.1,299.4,297.2,87.6,12.5,6.0,0,0000
T,2017,06,20,08,04,29
B,804329,77959,398,3447,451140,22186,382,3448,993.1,299.5
G,2189990,136627,389,3447,1209596,31934,338,3448,993.1,299.5
R,1093691,95268,4409,3447,602035,37594,4370,3448,993.1,299.5
D,NBXX,2400,5.227e-5,3.792e-5,2.374e-5,5.132e-6,4.367e-6,3.454e-6
Y,131825,993.1,299.5,297.3,87.3,12.5,6.0,0,0000
T,2017,06,20,08,09,29
B,807045,78356,409,3447,453528,22330,334,3447,993.1,299.5
G,2192286,137193,358,3447,1214203,31629,374,3447,993.1,299.5
R,1092510,95948,4382,3447,601822,37882,4463,3447,993.1,299.5
D,NBXX,2100,5.250e-5,3.812e-5,2.414e-5,5.292e-6,4.206e-6,3.598e-6
Y,131963,993.1,299.5,297.3,87.3,12.5,6.0,0,0000
T,2017,06,20,08,14,29
B,806555,78804,372,3448,454222,22532,403,3447,993.1,299.6
G,2195475,138914,395,3448,1213746,32199,360,3447,993.1,299.6
R,1091534,97385,4454,3448,605042,38106,4323,3447,993.1,299.6
D,NBXX,1800,5.313e-5,3.883e-5,2.505e-5,5.549e-6,4.449e-6,3.791e-6
Y,132117,993.1,299.6,297.4,87.3,12.5,6.0,0,0000
T,2017,06,20,08,19,29
B,808036,80470,370,3447,452614,22285,407,3447,993.2,299.5
G,2195087,140676,344,3447,1216303,31575,375,3447,993.2,299.5
R,1094218,98557,4419,3447,605178,38508,4470,3447,993.2,299.5
D,NBXX,1500,5.511e-5,3.971e-5,2.553e-5,5.146e-6,4.169e-6,3.902e-6
Y,132132,993.2,299.5,297.3,87.8,12.5,6.0,0,0000
T,2017,06,20,08,24,29
B,807327,79767,380,3447,453624,22230,379,3448,993.2,299.5
G,2194101,140064,406,3447,1211187,31861,368,3448,993.2,299.5
R,1091835,97199,4435,3447,603687,38391,4448,3448,993.2,299.5
D,NBXX,1200,5.430e-5,3.942e-5,2.486e-5,5.117e-6,4.278e-6,3.869e-6
Y,132073,993.2,299.5,297.3,87.4,12.5,6.0,0,0000
T,2017,06,20,08,29,29
B,809110,80515,398,3447,451383,22320,386,3447,993.3,299.5
G,2192863,142347,392,3447,1213719,32134,404,3447,993.3,299.5
R,1091849,98980,4443,3447,603699,38494,4387,3447,993.3,299.5
D,NBXX,900,5.502e-5,4.054e-5,2.592e-5,5.144e-6,4.409e-6,3.969e-6
Y,131998,993.3,299.5,297.3,87.4,12.5,6.0,0,0000
T,2017,06,20,08,34,29
B,808004,82727,362,3448,452675,22461,359,3447,993.3,299.5
G,2193489,145769,393,3448,1213124,32576,361,3447,993.3,299.5
R,1093267,101042,4463,3448,604758,38595,4349,3447,993.3,299.5
D,NBXX,600,5.817e-5,4.218e-5,2.705e-5,5.473e-6,4.644e-6,4.023e-6
Y,131997,993.3,299.5,297.3,87.8,12.5,6.0,0,0000
T,2017,06,20,08,39,29
B,807870,84162,356,3447,450248,23061,373,3447,993.3,299.5
G,2194119,147682,377,3447,1214478,33129,398,3447,993.3,299.5
R,1093060,102956,4382,3447,605585,39130,4463,3447,993.3,299.5
D,NBXX,300,6.007e-5,4.307e-5,2.813e-5,6.247e-6,4.889e-6,4.305e-6
Y,132074,993.3,299.5,297.3,87.9,12.5,6.0,0,0000
T,2017,06,20,08,44,29
B,806804,84159,396,3448,452193,22548,343,3447,993.3,299.5
G,2195705,150376,372,3448,1216985,33248,430,3447,993.3,299.5
R,1093793,105115,4612,3448,604029,39077,4429,3447,993.3,299.5
D,BBXX,30,4.953e-5,2.720e-5,2.499e-5,2.294e-5,1.052e-5,1.221e-5
Y,132131,993.3,299.5,297.3,88.3,12.5,6.0,0,0000
T,2017,06,20,08,49,29
B,729482,34660,337,3114,408918,16441,337,3114,987.5,299.6
G,1990039,52464,345,3114,1097766,20525,365,3114,987.5,299.6
R,988681,48913,4025,3114,547501,28700,4112,3114,987.5,299.6
D,ZBXX,30,4.941e-5,2.727e-5,2.499e-5,2.283e-5,1.040e-5,1.217e-5
Y,132601,987.5,299.6,297.2,87.8,12.5,6.0,0,0000
T,2017,06,20,08,54,29
B,808416,96537,346,3448,452303,23704,362,3447,993.3,299.6
G,2196993,181283,377,3448,1214698,36185,413,3447,993.3,299.6
R,1095941,125403,4517,3448,604789,41938,4479,3447,993.3,299.6
D,NBXX,3000,7.638e-5,5.897e-5,4.074e-5,7.315e-6,6.454e-6,5.804e-6
Y,132209,993.3,299.6,297.2,88.9,12.5,6.0,0,0000
Z,4.946e-5,2.729e-5,2.498e-5,2.274e-5,1.040e-5,1.218e-5,2.475e-5,1.087e-5,4.070e-6
T,2017,06,20,08,59,29
B,810351,95046,373,3447,452416,23539,355,3447,993.3,299.5
G,2198872,174509,401,3447,1214749,34540,422,3447,993.3,299.5
R,1096528,119579,4439,3447,604493,40559,4494,3447,993.3,299.5
D,NBXX,2700,7.407e-5,5.563e-5,3.741e-5,6.974e-6,5.629e-6,5.042e-6
Y,132361,993.3,299.5,297.2,89.8,12.5,6.0,0,0000
T,2017,06,20,09,04,29
B,809920,100885,358,3447,453775,24062,357,3447,993.3,299.5
G,2200187,186960,402,3447,1216536,36398,419,3447,993.3,299.5
R,1093679,126982,4408,3447,605848,41783,4613,3447,993.3,299.5
D,NBXX,2400,8.183e-5,6.154e-5,4.176e-5,7.697e-6,6.509e-6,5.730e-6
Y,132440,993.3,299.5,297.2,90.1,12.5,6.0,0,0000
T,2017,06,20,09,09,29
B,810509,112614,373,3447,454975,26541,338,3448,993.3,299.5
G,2204500,210120,393,3447,1217297,39945,388,3448,993.3,299.5
R,1096834,138835,4396,3447,606558,44181,4511,3448,993.3,299.5
D,NBXX,2100,9.714e-5,7.243e-5,4.842e-5,1.092e-5,8.184e-6,7.118e-6
Y,132700,993.3,299.5,297.3,90.3,12.5,6.0,0,0000
T,2017,06,20,09,14,29
B,809113,96741,372,3447,452399,24042,390,3447,993.3,299.5
G,2198357,174708,397,3447,1222110,35574,417,3447,993.3,299.5
R,1094770,116813,4582,3447,606036,40575,4398,3447,993.3,299.5
D,NBXX,1800,7.644e-5,5.575e-5,3.590e-5,7.629e-6,6.133e-6,5.047e-6
Y,132330,993.3,299.5,297.3,90.3,12.5,6.0,0,0000
T,2017,06,20,09,19,30
B,811832,95390,346,3448,454293,23851,370,3447,993.3,299.5
G,2201868,171363,398,3448,1219316,34048,340,3447,993.3,299.5
R,1096453,114816,4587,3448,608709,40321,4474,3447,993.3,299.5
D,NBXX,1500,7.431e-5,5.407e-5,3.461e-5,7.355e-6,5.424e-6,4.828e-6
Y,132503,993.3,299.5,297.3,90.5,12.5,6.0,0,0000
T,2017,06,20,09,24,29
B,809709,93573,373,3447,454389,23245,383,3447,993.3,299.5
G,2199658,169701,385,3447,1219511,33868,432,3447,993.3,299.5
R,1094379,113749,4513,3447,604969,40321,4511,3447,993.3,299.5
D,NBXX,1200,7.219e-5,5.331e-5,3.414e-5,6.568e-6,5.306e-6,4.879e-6
Y,132408,993.3,299.5,297.3,90.3,12.5,6.0,0,0000
T,2017,06,20,09,29,30
B,808826,87874,350,3447,454499,22637,392,3448,993.3,299.4
G,2198751,156436,357,3447,1214873,32440,356,3448,993.3,299.4
R,1094236,105724,4588,3447,606107,38864,4535,3448,993.3,299.4
D,NBXX,900,6.484e-5,4.706e-5,2.948e-5,5.814e-6,4.683e-6,3.975e-6
Y,132353,993.3,299.4,297.2,89.9,12.5,6.0,0,0000
T,2017,06,20,09,34,30
B,808961,85528,394,3447,453800,22672,354,3447,993.3,299.4
G,2194202,151601,420,3447,1215078,32327,360,3447,993.3,299.4
R,1092507,103149,4614,3447,603989,38676,4553,3447,993.3,299.4
D,NBXX,600,6.173e-5,4.486e-5,2.806e-5,5.854e-6,4.627e-6,3.869e-6
Y,132079,993.3,299.4,297.2,89.8,12.5,6.0,0,0000
T,2017,06,20,09,39,30
B,809143,86609,354,3448,455425,22474,361,3447,993.3,299.4
G,2198668,153817,415,3448,1216772,32489,370,3447,993.3,299.4
R,1095726,104494,4441,3448,604099,38907,4451,3447,993.3,299.4
D,NBXX,300,6.318e-5,4.577e-5,2.886e-5,5.646e-6,4.676e-6,4.142e-6
Y,132310,993.3,299.4,297.2,90.1,12.5,6.0,0,0000
T,2017,06,20,09,44,29
B,807736,86064,364,3447,453902,22408,371,3447,993.3,299.4
G,2197658,153739,374,3447,1216195,32357,349,3447,993.3,299.4
R,1094370,103638,4695,3447,604866,38448,4482,3447,993.3,299.4
D,BBXX,30,4.946e-5,2.729e-5,2.498e-5,2.274e-5,1.040e-5,1.218e-5
Y,132287,993.3,299.4,297.2,90.3,12.5,6.0,0,0000
T,2017,06,20,09,49,30
B,729773,34369,286,3114,408930,16363,336,3114,987.4,299.5
G,1989082,52340,341,3114,1100167,20736,365,3114,987.4,299.5
R,990497,48583,4178,3114,548028,28745,3925,3114,987.4,299.5
D,ZBXX,30,4.905e-5,2.722e-5,2.476e-5,2.280e-5,1.052e-5,1.220e-5
Y,132537,987.4,299.5,297.3,89.1,12.5,6.0,0,0000
T,2017,06,20,09,54,30
B,809626,83051,345,3447,452558,22480,368,3447,993.2,299.6
G,2195978,148614,357,3447,1212978,32180,353,3447,993.2,299.6
R,1094091,101736,4496,3447,605018,38162,4436,3447,993.2,299.6
D,NBXX,3000,5.889e-5,4.347e-5,2.746e-5,5.476e-6,4.428e-6,3.656e-6
Y,132186,993.2,299.6,297.3,89.9,12.5,6.0,0,0000
Z,4.906e-5,2.722e-5,2.486e-5,2.292e-5,1.055e-5,1.223e-5,2.477e-5,1.087e-5,4.070e-6
T,2017,06,20,09,59,30
B,807780,83834,346,3448,456073,22553,367,3447,993.3,299.6
G,2202482,148215,452,3448,1219400,32087,421,3447,993.3,299.6
R,1095941,101215,4578,3448,607200,38527,4462,3447,993.3,299.6
D,NBXX,2700,6.017e-5,4.298e-5,2.700e-5,5.646e-6,4.254e-6,3.772e-6
Y,132540,993.3,299.6,297.4,90.5,12.5,6.0,0,0000
T,2017,06,20,10,04,30
B,810498,79137,378,3447,452932,22274,360,3447,993.3,299.6
G,2203149,139084,410,3447,1217532,31033,414,3447,993.3,299.6
R,1095962,95509,4450,3447,604854,37499,4354,3447,993.3,299.6
D,NBXX,2400,5.360e-5,3.863e-5,2.389e-5,5.137e-6,3.769e-6,3.334e-6
Y,132619,993.3,299.6,297.4,89.8,12.5,6.0,0,0000
T,2017,06,20,10,09,30
B,807948,79940,367,3447,452803,22165,330,3448,993.4,299.6
G,2200722,139779,366,3447,1217856,31199,368,3448,993.4,299.6
R,1092955,95773,4485,3447,605222,37108,4423,3448,993.4,299.6
D,NBXX,2100,5.504e-5,3.909e-5,2.411e-5,5.137e-6,3.910e-6,3.079e-6
Y,132472,993.4,299.6,297.4,89.6,12.5,6.0,0,0000
T,2017,06,20,10,14,30
B,808983,80132,405,3447,451307,21949,332,3447,993.3,299.6
G,2204041,139450,409,3447,1213930,31387,366,3447,993.3,299.6
R,1095178,95771,4495,3447,604443,37817,4496,3447,993.3,299.6
D,NBXX,1800,5.510e-5,3.881e-5,2.395e-5,4.764e-6,3.959e-6,3.404e-6
Y,132673,993.3,299.6,297.4,89.9,12.5,6.0,0,0000
T,2017,06,20,10,19,30
B,808644,74912,359,3448,453845,21427,322,3447,993.3,299.7
G,2201247,130436,353,3448,1215593,30381,371,3447,993.3,299.7
R,1095015,90019,4583,3448,604519,37114,4623,3447,993.3,299.7
D,NBXX,1500,4.836e-5,3.461e-5,2.052e-5,4.182e-6,3.530e-6,2.866e-6
Y,132466,993.3,299.7,297.5,90.1,12.5,6.0,0,0000
T,2017,06,20,10,24,30
B,811419,76532,369,3447,454218,21915,331,3447,993.3,299.8
G,2204396,134962,453,3447,1216210,31993,391,3447,993.3,299.8
R,1095973,95683,4527,3447,606070,38306,4611,3447,993.3,299.8
D,NBXX,1200,5.012e-5,3.664e-5,2.377e-5,4.692e-6,4.220e-6,3.575e-6
Y,132694,993.3,299.8,297.7,90.1,12.5,6.0,0,0000
T,2017,06,20,10,29,30
B,808596,76885,314,3447,453148,21946,341,3448,993.3,299.8
G,2206469,136296,430,3447,1218020,31960,435,3448,993.3,299.8
R,1096318,96340,4625,3447,605288,38269,4560,3448,993.3,299.8
D,NBXX,900,5.100e-5,3.721e-5,2.410e-5,4.890e-6,4.175e-6,3.512e-6
Y,132819,993.3,299.8,297.7,89.8,12.5,6.0,0,0000
T,2017,06,20,10,34,30
B,811052,75427,350,3447,454536,21911,346,3447,993.4,299.8
G,2200239,132412,372,3447,1214635,30876,400,3447,993.4,299.8
R,1097317,93052,4537,3447,604788,37482,4579,3447,993.4,299.8
D,NBXX,600,4.872e-5,3.559e-5,2.222e-5,4.705e-6,3.754e-6,3.099e-6
Y,132443,993.4,299.8,297.7,89.8,12.5,6.0,0,0000
T,2017,06,20,10,39,30
B,811360,75453,375,3448,452946,21360,392,3447,993.4,299.9
G,2202664,129938,375,3448,1215042,30862,361,3447,993.4,299.9
R,1097951,91292,4545,3448,604455,37486,4558,3447,993.4,299.9
D,NBXX,300,4.864e-5,3.436e-5,2.120e-5,3.886e-6,3.756e-6,3.106e-6
Y,132551,993.4,299.9,297.8,89.8,12.5,6.0,0,0000
T,2017,06,20,10,44,30
B,808884,76172,350,3447,452668,22113,350,3447,993.4,299.9
G,2198395,130418,403,3447,1212426,30729,357,3447,993.4,299.9
R,1094155,90875,4636,3447,603813,37586,4600,3447,993.4,299.9
D,BBXX,30,4.906e-5,2.722e-5,2.486e-5,2.292e-5,1.055e-5,1.223e-5
Y,132332,993.4,299.9,297.8,88.9,12.5,6.0,0,0000
T,2017,06,20,10,49,30
B,731843,34595,323,3114,409165,16557,336,3114,987.7,300.0
G,1993309,52598,347,3114,1097806,20525,331,3114,987.7,300.0
R,991717,49206,4140,3114,545052,29083,4154,3114,987.7,300.0
D,ZBXX,30,4.918e-5,2.732e-5,2.498e-5,2.295e-5,1.040e-5,1.226e-5
Y,132819,987.7,300.0,297.7,88.6,12.5,6.0,0,0000
T,2017,06,20,10,54,30
B,805992,74470,387,3447,452443,21873,399,3448,993.5,300.0
G,2201919,126155,379,3447,1212043,30641,351,3448,993.5,300.0
R,1093059,89952,4738,3447,603758,37226,4723,3448,993.5,300.0
D,NBXX,3000,4.803e-5,3.237e-5,2.022e-5,4.653e-6,3.734e-6,2.681e-6
Y,132545,993.5,300.0,297.7,88.8,12.5,6.0,0,0000
Z,4.894e-5,2.737e-5,2.501e-5,2.293e-5,1.044e-5,1.232e-5,2.472e-5,1.084e-5,4.070e-6
T,2017,06,20,10,59,30
B,808508,70357,363,3448,452573,21755,376,3447,993.5,300.0
G,2198122,119196,371,3448,1214575,29911,380,3447,993.5,300.0
R,1096083,85566,4677,3448,605758,36783,4727,3447,993.5,300.0
D,NBXX,2700,4.239e-5,2.913e-5,1.762e-5,4.499e-6,3.406e-6,2.434e-6
Y,132277,993.5,300.0,297.7,88.8,12.5,6.0,0,0000
T,2017,06,20,11,04,30
B,809336,67990,423,3447,453734,20970,403,3447,993.6,300.0
G,2200194,114534,372,3447,1214529,29139,426,3447,993.6,300.0
R,1096016,83185,4798,3447,603206,36410,4670,3447,993.6,300.0
D,NBXX,2400,3.905e-5,2.682e-5,1.622e-5,3.298e-6,2.994e-6,2.174e-6
Y,132441,993.6,300.0,297.8,88.9,12.5,6.0,0,0000
