T,2017,06,19,15,59,28
B,829640,40388,998,3448,460456,19938,979,3447,984.7,304.7
G,2109582,56757,820,3448,1152058,23088,875,3447,984.7,304.7
R,1136726,77796,13939,3448,620296,53996,13998,3447,984.7,304.7
D,NBXX,2700,2.104e-5,1.135e-5,9.307e-6,9.976e-6,4.761e-6,4.496e-6
Y,126935,984.7,304.7,303.3,64.9,12.7,6.1,0,0000
T,2017,06,19,16,04,28
B,832671,40208,983,3447,459733,19703,1022,3447,984.7,305.0
G,2113918,56722,830,3447,1154305,23298,870,3447,984.7,305.0
R,1135560,77981,13955,3447,623651,54247,13846,3447,984.7,305.0
D,NBXX,2400,2.062e-5,1.130e-5,9.553e-6,9.557e-6,4.850e-6,4.742e-6
Y,127234,984.7,305.0,303.6,64.9,12.7,6.1,0,0000
T,2017,06,19,16,09,28
B,834006,40586,953,3447,460411,19669,944,3448,984.6,305.3
G,2113261,56943,811,3447,1152828,23194,868,3448,984.6,305.3
R,1135522,77653,13842,3447,621652,54584,13552,3448,984.6,305.3
D,NBXX,2100,2.121e-5,1.143e-5,9.634e-6,9.645e-6,4.810e-6,5.185e-6
Y,127194,984.6,305.3,304.0,63.8,12.7,6.1,0,0000
T,2017,06,19,16,14,28
B,823236,40054,981,3447,454791,19684,1014,3447,984.5,305.5
G,2095129,56134,799,3447,1145138,22694,813,3447,984.5,305.5
R,1126922,76725,13675,3447,616853,53636,13548,3447,984.5,305.5
D,NBXX,1800,2.104e-5,1.130e-5,9.419e-6,9.830e-6,4.694e-6,4.869e-6
Y,126100,984.5,305.5,304.1,63.3,12.6,6.1,0,0000
T,2017,06,19,16,19,28
B,808441,39236,873,3448,448216,19354,927,3447,984.5,305.6
G,2066451,55764,841,3448,1126853,22527,722,3447,984.5,305.6
R,1115522,75986,13378,3448,610806,52832,13387,3447,984.5,305.6
D,NBXX,1500,2.116e-5,1.152e-5,9.556e-6,1.011e-5,4.786e-6,4.847e-6
Y,124334,984.5,305.6,304.2,62.6,12.5,6.1,0,0000
T,2017,06,19,16,24,28
B,812221,39004,912,3447,447525,19102,885,3447,984.4,305.8
G,2070110,55842,782,3447,1126629,22534,764,3447,984.4,305.8
R,1111793,75753,13532,3447,608175,52451,13200,3447,984.4,305.8
D,NBXX,1200,2.066e-5,1.155e-5,9.534e-6,9.686e-6,4.791e-6,4.688e-6
Y,124591,984.4,305.8,304.5,62.1,12.6,6.1,0,0000
T,2017,06,19,16,29,28
B,810048,39312,833,3447,448698,19285,846,3448,984.3,306.0
G,2070314,55506,851,3447,1130730,22608,790,3448,984.3,306.0
R,1113778,74990,13058,3447,609779,52108,12874,3448,984.3,306.0
D,NBXX,900,2.140e-5,1.132e-5,9.581e-6,1.017e-5,4.768e-6,4.992e-6
Y,124603,984.3,306.0,304.7,62.4,12.6,6.1,0,0000
T,2017,06,19,16,34,28
B,810355,38904,814,3447,449006,19031,891,3447,984.3,306.1
G,2076191,56462,799,3447,1133097,22462,785,3447,984.3,306.1
R,1113271,74846,13060,3447,609733,51860,13179,3447,984.3,306.1
D,NBXX,600,2.080e-5,1.176e-5,9.309e-6,9.798e-6,4.701e-6,4.661e-6
Y,124958,984.3,306.1,304.7,60.8,12.5,6.1,0,0000
T,2017,06,19,16,39,28
B,812475,38975,850,3448,448496,18938,806,3447,984.3,306.2
G,2080487,55829,748,3448,1133935,22643,731,3447,984.3,306.2
R,1117661,74856,13011,3448,610572,52281,12941,3447,984.3,306.2
D,NBXX,300,2.087e-5,1.144e-5,9.399e-6,9.712e-6,4.836e-6,5.045e-6
Y,125180,984.3,306.2,304.6,61.3,12.6,6.1,0,0000
T,2017,06,19,16,44,28
B,812373,38757,801,3447,448580,19213,812,3447,984.2,306.3
G,2079560,56079,786,3447,1133909,22529,819,3447,984.2,306.3
R,1113294,75019,12936,3447,610569,51746,13012,3447,984.2,306.3
D,BBXX,30,2.828e-5,1.614e-5,1.583e-5,1.323e-5,6.223e-6,7.607e-6
Y,125161,984.2,306.3,304.7,59.9,12.5,6.1,0,0000
T,2017,06,19,16,49,28
B,735530,35819,769,3114,406551,17642,796,3114,984.2,306.3
G,1883645,50665,649,3114,1026284,20661,695,3114,984.2,306.3
R,1008436,67883,11771,3114,550897,46916,11913,3114,984.2,306.3
D,ZBXX,30,4.920e-5,2.741e-5,2.515e-5,2.289e-5,1.065e-5,1.204e-5
Y,125494,984.2,306.3,304.8,60.2,12.6,6.1,0,0000
T,2017,06,19,16,54,28
B,812561,76428,826,3447,448886,23219,859,3447,988.9,306.8
G,2076530,121634,777,3447,1128900,31101,863,3447,988.9,306.8
R,1113580,109364,13058,3447,609580,57833,13048,3447,988.9,306.8
D,NBXX,3000,4.830e-5,3.317e-5,1.953e-5,4.982e-6,4.083e-6,3.454e-6
Y,124978,988.9,306.8,305.1,60.9,12.6,6.1,0,0000
Z,4.914e-5,2.743e-5,2.508e-5,2.280e-5,1.068e-5,1.202e-5,2.412e-5,1.060e-5,3.961e-6
T,2017,06,19,16,59,28
B,812238,85338,837,3448,446824,24161,850,3447,990.1,306.9
G,2075518,135070,743,3448,1131912,32861,819,3447,990.1,306.9
R,1111488,115452,13419,3448,607531,59513,12886,3447,990.1,306.9
D,NBXX,2700,6.001e-5,4.005e-5,2.293e-5,6.233e-6,5.033e-6,4.313e-6
Y,124881,990.1,306.9,305.3,58.9,12.6,6.1,0,0000
T,2017,06,19,17,04,28
B,809910,85293,778,3447,447044,24124,835,3447,990.1,307.0
G,2077539,134685,761,3447,1131075,32988,764,3447,990.1,307.0
R,1111997,115578,13499,3447,609014,59311,12970,3447,990.1,307.0
D,NBXX,2400,6.038e-5,3.981e-5,2.288e-5,6.372e-6,5.099e-6,4.076e-6
Y,125039,990.1,307.0,305.3,57.7,12.6,6.1,0,0000
T,2017,06,19,17,09,28
B,810867,85936,897,3447,449393,24556,893,3448,990.0,306.9
G,2083535,137252,769,3447,1133724,32956,765,3448,990.0,306.9
R,1115421,117750,12972,3447,607555,59498,13213,3448,990.0,306.9
D,NBXX,2100,6.083e-5,4.091e-5,2.414e-5,6.627e-6,5.027e-6,4.310e-6
Y,125401,990.0,306.9,305.2,59.4,12.5,6.1,0,0000
T,2017,06,19,17,14,28
B,813087,84440,861,3447,448002,24301,896,3447,990.0,307.0
G,2079464,134537,763,3447,1135234,32725,750,3447,990.0,307.0
R,1112082,116755,12939,3447,608436,59641,13291,3447,990.0,307.0
D,NBXX,1800,5.862e-5,3.968e-5,2.370e-5,6.271e-6,4.958e-6,4.419e-6
Y,125155,990.0,307.0,305.3,58.1,12.5,6.1,0,0000
T,2017,06,19,17,19,28
B,812772,84599,923,3448,449276,24194,778,3447,990.0,306.9
G,2084088,136474,788,3448,1135041,32828,789,3447,990.0,306.9
R,1112355,117007,13180,3448,607832,59603,13379,3447,990.0,306.9
D,NBXX,1500,5.895e-5,4.047e-5,2.361e-5,6.236e-6,4.943e-6,4.184e-6
Y,125398,990.0,306.9,305.2,58.7,12.5,6.1,0,0000
T,2017,06,19,17,24,28
B,812405,84398,789,3447,447513,24436,871,3447,990.0,306.9
G,2080251,135763,776,3447,1135121,32862,771,3447,990.0,306.9
R,1112690,117480,12997,3447,609922,59383,13198,3447,990.0,306.9
D,NBXX,1200,5.880e-5,4.025e-5,2.410e-5,6.620e-6,5.002e-6,4.286e-6
Y,125203,990.0,306.9,305.1,59.4,12.6,6.1,0,0000
T,2017,06,19,17,29,28
B,810775,83686,867,3447,446748,24390,855,3447,990.0,306.9
G,2083310,134975,764,3447,1135132,33093,815,3447,990.0,306.9
R,1112426,116612,13043,3447,608166,59558,13086,3447,990.0,306.9
D,NBXX,900,5.799e-5,3.974e-5,2.367e-5,6.525e-6,5.076e-6,4.433e-6
Y,125387,990.0,306.9,305.2,58.6,12.6,6.1,0,0000
T,2017,06,19,17,34,28
B,811527,84605,900,3447,450269,24316,857,3448,990.0,306.8
G,2085185,134897,806,3447,1135327,33197,773,3448,990.0,306.8
R,1112024,116448,13187,3447,609341,60063,13044,3448,990.0,306.8
D,NBXX,600,5.902e-5,3.964e-5,2.353e-5,6.325e-6,5.110e-6,4.650e-6
Y,125500,990.0,306.8,305.1,58.1,12.6,6.1,0,0000
T,2017,06,19,17,39,28
B,812748,83665,825,3447,449059,24334,822,3447,990.0,306.8
G,2083798,134376,741,3447,1136412,33042,802,3447,990.0,306.8
R,1112657,115587,13083,3447,609981,59449,13013,3447,990.0,306.8
D,NBXX,300,5.779e-5,3.944e-5,2.310e-5,6.480e-6,5.068e-6,4.389e-6
Y,125417,990.0,306.8,305.0,58.4,12.6,6.1,0,0000
T,2017,06,19,17,44,28
B,811638,83519,916,3447,448718,24402,864,3448,989.9,306.7
G,2087820,133166,819,3447,1138503,32600,745,3448,989.9,306.7
R,1113787,114804,13252,3447,609529,59144,13092,3448,989.9,306.7
D,BBXX,30,4.914e-5,2.743e-5,2.508e-5,2.280e-5,1.068e-5,1.202e-5
Y,125659,989.9,306.7,304.9,58.9,12.6,6.1,0,0000
T,2017,06,19,17,49,28
B,734834,35410,787,3114,405448,17547,766,3114,984.1,306.3
G,1892026,50829,704,3114,1032670,20423,673,3114,984.1,306.3
R,1008242,68308,11790,3114,549934,47070,12113,3114,984.1,306.3
D,ZBXX,30,4.867e-5,2.735e-5,2.526e-5,2.279e-5,1.045e-5,1.198e-5
Y,126053,984.1,306.3,304.5,59.9,12.6,6.1,0,0000
T,2017,06,19,17,54,28
B,811027,83742,838,3447,450240,24465,863,3448,989.8,306.5
G,2086386,133453,792,3447,1139930,33137,806,3448,989.8,306.5
R,1112153,115220,13001,3447,608142,59677,12857,3448,989.8,306.5
D,NBXX,3000,5.863e-5,3.896e-5,2.290e-5,6.724e-6,5.285e-6,4.604e-6
Y,125573,989.8,306.5,304.6,59.1,12.5,6.1,0,0000
Z,4.857e-5,2.730e-5,2.525e-5,2.272e-5,1.044e-5,1.209e-5,2.412e-5,1.060e-5,3.961e-6
T,2017,06,19,17,59,28
B,811628,83974,852,3447,449700,24082,828,3447,989.8,306.6
G,2086402,133713,731,3447,1139650,32718,759,3447,989.8,306.6
R,1111403,114613,13082,3447,607083,59485,12947,3447,989.8,306.6
D,NBXX,2700,5.888e-5,3.918e-5,2.247e-5,6.241e-6,5.154e-6,4.401e-6
Y,125574,989.8,306.6,304.7,58.1,12.6,6.1,0,0000
T,2017,06,19,18,04,28
B,810674,85209,802,3448,449336,24345,793,3447,989.9,306.5
G,2090196,135567,777,3448,1139724,33151,768,3447,989.9,306.5
R,1112545,114804,12831,3448,608893,58991,12720,3447,989.9,306.5
D,NBXX,2400,6.073e-5,3.994e-5,2.284e-5,6.745e-6,5.304e-6,4.425e-6
Y,125766,989.9,306.5,304.6,58.7,12.5,6.1,0,0000
T,2017,06,19,18,09,28
B,811141,85361,721,3447,449720,24325,766,3447,990.1,306.3
G,2089114,137617,722,3447,1140047,33182,746,3447,990.1,306.3
R,1111316,116604,12862,3447,607566,59249,12703,3447,990.1,306.3
D,NBXX,2100,6.100e-5,4.105e-5,2.390e-5,6.843e-6,5.368e-6,4.574e-6
Y,125737,990.1,306.3,304.4,60.1,12.6,6.1,0,0000
T,2017,06,19,18,14,28
B,811489,85877,800,3447,448992,24492,853,3448,990.1,306.1
G,2091078,139266,764,3447,1140606,33204,717,3448,990.1,306.1
R,1113515,116550,12609,3447,608486,58987,12665,3448,990.1,306.1
D,NBXX,1800,6.136e-5,4.181e-5,2.397e-5,6.775e-6,5.352e-6,4.575e-6
Y,125856,990.1,306.1,304.1,61.9,12.6,6.1,0,0000
T,2017,06,19,18,19,28
B,808488,84940,748,3447,446275,24490,793,3447,990.1,305.9
G,2091026,136603,690,3447,1138687,33044,684,3447,990.1,305.9
R,1112271,115306,12545,3447,607071,58461,12407,3447,990.1,305.9
D,NBXX,1500,6.070e-5,4.053e-5,2.352e-5,7.062e-6,5.339e-6,4.515e-6
Y,125853,990.1,305.9,303.9,62.8,12.6,6.1,0,0000
T,2017,06,19,18,24,28
B,811234,81397,873,3448,449257,23970,817,3447,990.2,305.8
G,2094564,131432,801,3448,1139230,32444,731,3447,990.2,305.8
R,1109973,112865,12452,3448,606838,57388,12531,3447,990.2,305.8
D,NBXX,1200,5.543e-5,3.773e-5,2.222e-5,6.048e-6,4.923e-6,3.927e-6
Y,126030,990.2,305.8,303.8,62.6,12.6,6.1,0,0000
T,2017,06,19,18,29,28
B,811293,79111,828,3447,448317,23724,766,3447,990.3,305.7
G,2092993,126351,755,3447,1139383,31755,827,3447,990.3,305.7
R,1109053,108825,12208,3447,605787,56393,12247,3447,990.3,305.7
D,NBXX,900,5.257e-5,3.517e-5,2.031e-5,5.860e-6,4.542e-6,3.716e-6
Y,125971,990.3,305.7,303.7,61.9,12.6,6.1,0,0000
T,2017,06,19,18,34,28
B,809947,77519,819,3447,448249,23460,742,3448,990.3,305.6
G,2090988,123423,705,3447,1141226,31440,752,3448,990.3,305.6
R,1110270,106955,11786,3447,606818,56174,11971,3448,990.3,305.6
D,NBXX,600,5.069e-5,3.383e-5,1.965e-5,5.602e-6,4.467e-6,4.026e-6
Y,125850,990.3,305.6,303.6,61.8,12.5,6.1,0,0000
T,2017,06,19,18,39,28
B,810530,76062,796,3447,447721,23229,791,3447,990.1,305.5
G,2091342,120717,693,3447,1142242,30836,751,3447,990.1,305.5
R,1106486,105020,11630,3447,606908,55270,11884,3447,990.1,305.5
D,NBXX,300,4.867e-5,3.246e-5,1.886e-5,5.247e-6,4.173e-6,3.734e-6
Y,125872,990.1,305.5,303.5,61.4,12.5,6.1,0,0000
T,2017,06,19,18,44,28
B,813208,74201,773,3447,448347,22802,759,3448,990.2,305.4
G,2096679,119402,727,3447,1145683,30996,741,3448,990.2,305.4
R,1109684,103735,11571,3447,607802,54546,11542,3448,990.2,305.4
D,BBXX,30,4.857e-5,2.730e-5,2.525e-5,2.272e-5,1.044e-5,1.209e-5
Y,126194,990.2,305.4,303.4,61.8,12.5,6.1,0,0000
T,2017,06,19,18,49,28
B,732253,35409,740,3114,404968,17093,677,3114,984.4,305.2
G,1902774,51164,649,3114,1036701,20594,644,3114,984.4,305.2
R,1005317,64348,10429,3114,546872,43868,10524,3114,984.4,305.2
D,ZBXX,30,4.907e-5,2.744e-5,2.498e-5,2.244e-5,1.054e-5,1.216e-5
Y,126771,984.4,305.2,303.2,61.3,12.6,6.1,0,0000
T,2017,06,19,18,54,28
B,811019,72382,699,3447,448891,22949,726,3448,990.2,305.2
G,2099203,115170,680,3447,1146298,30592,786,3448,990.2,305.2
R,1106676,101205,11132,3447,606720,53950,11614,3448,990.2,305.2
D,NBXX,3000,4.352e-5,2.926e-5,1.746e-5,5.399e-6,3.873e-6,3.482e-6
Y,126346,990.2,305.2,303.2,61.6,12.6,6.1,0,0000
Z,4.913e-5,2.752e-5,2.498e-5,2.244e-5,1.056e-5,1.209e-5,2.420e-5,1.062e-5,3.961e-6
T,2017,06,19,18,59,28
B,811095,72120,670,3447,448618,22923,727,3447,990.2,305.2
G,2096202,115132,719,3447,1146311,30346,682,3447,990.2,305.2
R,1110687,101447,10756,3447,605286,53178,10967,3447,990.2,305.2
D,NBXX,2700,4.321e-5,2.936e-5,1.810e-5,5.413e-6,3.813e-6,3.666e-6
Y,126165,990.2,305.2,303.1,62.3,12.6,6.1,0,0000
T,2017,06,19,19,04,28
B,809765,73050,729,3448,448460,22858,736,3447,990.4,305.1
G,2100215,115802,702,3448,1144995,30430,700,3447,990.4,305.1
R,1107913,101418,11003,3448,606649,52111,10969,3447,990.4,305.1
D,NBXX,2400,4.446e-5,2.958e-5,1.803e-5,5.265e-6,3.831e-6,2.942e-6
Y,126370,990.4,305.1,303.1,62.9,12.6,6.1,0,0000
T,2017,06,19,19,09,28
B,810821,72131,731,3447,449390,22837,692,3447,990.5,305.0
G,2100815,116525,671,3447,1147398,30607,685,3447,990.5,305.0
R,1106344,99971,10766,3447,604984,52329,10828,3447,990.5,305.0
D,NBXX,2100,4.319e-5,2.995e-5,1.752e-5,5.257e-6,3.938e-6,3.330e-6
Y,126443,990.5,305.0,303.0,62.6,12.6,6.1,0,0000
T,2017,06,19,19,14,28
B,808946,72659,752,3447,447219,22618,720,3448,990.6,304.9
G,2103644,116551,697,3447,1148807,30689,658,3448,990.6,304.9
R,1107112,99562,10876,3447,606240,52203,10462,3448,990.6,304.9
D,NBXX,1800,4.403e-5,2.986e-5,1.740e-5,4.950e-6,3.943e-6,3.397e-6
Y,126614,990.6,304.9,302.9,62.8,12.6,6.1,0,0000
T,2017,06,19,19,19,28
B,811328,72668,687,3447,447784,22710,708,3447,990.6,304.9
G,2103043,116514,679,3447,1152216,30628,665,3447,990.6,304.9
R,1106512,99864,10582,3447,606407,51938,10488,3447,990.6,304.9
D,NBXX,1500,4.388e-5,2.987e-5,1.776e-5,5.115e-6,3.927e-6,3.438e-6
Y,126578,990.6,304.9,302.9,63.3,12.5,6.1,0,0000
T,2017,06,19,19,24,28
B,809982,74130,700,3448,449785,23050,726,3447,990.6,304.8
G,2108438,119296,658,3448,1149908,30815,667,3447,990.6,304.8
R,1106876,101101,10481,3448,605093,51998,10421,3447,990.6,304.8
D,NBXX,1200,4.588e-5,3.112e-5,1.856e-5,5.556e-6,3.998e-6,3.584e-6
Y,126866,990.6,304.8,302.8,64.3,12.5,6.0,0,0000
T,2017,06,19,19,29,28
B,810692,75550,703,3447,447454,22886,674,3447,990.5,304.8
G,2108888,121578,651,3447,1152024,31081,610,3447,990.5,304.8
R,1108961,102099,10315,3447,604183,51732,10372,3447,990.5,304.8
D,NBXX,900,4.774e-5,3.228e-5,1.918e-5,5.382e-6,4.161e-6,3.538e-6
Y,126930,990.5,304.8,302.8,64.9,12.6,6.0,0,0000
T,2017,06,19,19,34,28
B,811372,74384,712,3447,449346,22864,657,3448,990.6,304.8
G,2108672,119837,658,3447,1152551,30913,646,3448,990.6,304.8
R,1104199,100660,10237,3447,604090,51210,10243,3448,990.6,304.8
D,NBXX,600,4.614e-5,3.139e-5,1.869e-5,5.333e-6,4.049e-6,3.439e-6
Y,126917,990.6,304.8,302.8,64.1,12.6,6.1,0,0000
T,2017,06,19,19,39,28
B,809999,75640,681,3447,448754,23473,652,3447,990.6,304.7
G,2110667,121237,637,3447,1152476,31349,667,3447,990.6,304.7
R,1104699,101819,10158,3447,605454,50669,9983,3447,990.6,304.7
D,NBXX,300,4.800e-5,3.204e-5,1.955e-5,6.244e-6,4.257e-6,3.354e-6
Y,127038,990.6,304.7,302.8,64.3,12.5,6.1,0,0000
T,2017,06,19,19,44,28
B,808945,75708,664,3447,448426,22906,761,3447,990.5,304.6
G,2111969,121663,661,3447,1156303,31491,674,3447,990.5,304.6
R,1105224,101057,10217,3447,606248,51361,10043,3447,990.5,304.6
D,BBXX,30,4.913e-5,2.752e-5,2.498e-5,2.244e-5,1.056e-5,1.209e-5
Y,127116,990.5,304.6,302.7,64.9,12.5,6.1,0,0000
T,2017,06,19,19,49,28
B,733107,34820,656,3114,403403,17206,671,3114,984.8,304.5
G,1916679,51547,658,3114,1045693,20542,565,3114,984.8,304.5
R,1002578,61418,8812,3114,548450,40801,8989,3114,984.8,304.5
D,ZBXX,30,4.831e-5,2.749e-5,2.549e-5,2.273e-5,1.048e-5,1.256e-5
Y,127700,984.8,304.5,302.5,64.9,12.5,6.1,0,0000
T,2017,06,19,19,54,28
B,809412,76169,724,3447,447891,23180,646,3446,990.7,304.6
G,2115089,123754,619,3447,1155151,31252,637,3446,990.7,304.6
R,1109343,102714,9730,3447,606016,51021,9926,3446,990.7,304.6
D,NBXX,3000,4.949e-5,3.320e-5,1.960e-5,5.466e-6,4.247e-6,3.259e-6
Y,127305,990.7,304.6,302.5,65.8,12.6,6.1,0,0000
Z,4.843e-5,2.751e-5,2.559e-5,2.285e-5,1.052e-5,1.265e-5,2.428e-5,1.065e-5,3.988e-6
T,2017,06,19,19,59,28
B,810975,77874,659,3447,448229,23301,674,3448,990.8,304.5
G,2116667,125718,586,3447,1158547,31651,595,3448,990.8,304.5
R,1106552,103057,9790,3447,606595,50584,9729,3448,990.8,304.5
D,NBXX,2700,5.160e-5,3.417e-5,2.000e-5,5.609e-6,4.469e-6,3.128e-6
Y,127400,990.8,304.5,302.5,66.8,12.6,6.1,0,0000
T,2017,06,19,20,04,28
B,808824,78353,682,3447,448078,23340,649,3447,990.8,304.5
G,2112759,127207,668,3447,1158822,31436,634,3447,990.8,304.5
R,1104111,103576,9611,3447,606152,50716,9863,3447,990.8,304.5
D,NBXX,2400,5.250e-5,3.496e-5,2.043e-5,5.748e-6,4.324e-6,3.275e-6
Y,127164,990.8,304.5,302.5,66.6,12.5,6.1,0,0000
T,2017,06,19,20,09,28
B,808218,78016,686,3448,447320,23432,561,3447,990.8,304.4
G,2117491,127288,665,3448,1157989,31780,592,3447,990.8,304.4
R,1104954,102694,9795,3448,606127,50516,9741,3447,990.8,304.4
D,NBXX,2100,5.223e-5,3.489e-5,1.985e-5,6.014e-6,4.492e-6,3.114e-6
Y,127413,990.8,304.4,302.4,66.6,12.5,6.0,0,0000
T,2017,06,19,20,14,28
B,809629,77868,706,3447,448772,23503,656,3447,990.9,304.4
G,2119820,126645,599,3447,1157718,31393,600,3447,990.9,304.4
R,1105566,103345,9684,3447,606514,50381,9637,3447,990.9,304.4
D,NBXX,1800,5.168e-5,3.453e-5,2.034e-5,5.873e-6,4.313e-6,3.164e-6
Y,127590,990.9,304.4,302.4,67.1,12.5,6.1,0,0000
T,2017,06,19,20,19,28
B,810085,82242,657,3447,449641,23497,645,3448,991.1,304.2
G,2117467,133660,597,3447,1164070,32735,628,3448,991.1,304.2
R,1106887,106662,9457,3447,608157,51229,9406,3448,991.1,304.2
D,NBXX,1500,5.746e-5,3.804e-5,2.246e-5,5.932e-6,4.963e-6,3.921e-6
Y,127448,991.1,304.2,302.1,68.3,12.5,6.1,0,0000
T,2017,06,19,20,24,28
B,809648,91516,569,3447,448625,24548,649,3447,991.3,303.8
G,2119638,152548,639,3447,1161584,35044,613,3447,991.3,303.8
R,1103347,116377,9611,3447,606504,52511,9381,3447,991.3,303.8
D,NBXX,1200,6.976e-5,4.733e-5,2.807e-5,7.425e-6,6.082e-6,4.627e-6
Y,127579,991.3,303.8,301.7,70.3,12.5,6.0,0,0000
T,2017,06,19,20,29,28
B,809246,91486,659,3448,448354,24036,647,3447,991.3,303.5
G,2120908,152134,659,3448,1163647,33879,641,3447,991.3,303.5
R,1102869,116433,9361,3448,605671,51775,9172,3447,991.3,303.5
D,NBXX,900,6.965e-5,4.705e-5,2.842e-5,6.642e-6,5.472e-6,4.525e-6
Y,127619,991.3,303.5,301.2,71.5,12.5,6.0,0,0000
T,2017,06,19,20,34,28
B,807039,90401,645,3447,447315,24558,597,3447,991.4,303.3
G,2116759,151480,627,3447,1164692,33943,567,3447,991.4,303.3
R,1102828,114099,9263,3447,605755,50721,9132,3447,991.4,303.3
D,NBXX,600,6.861e-5,4.691e-5,2.718e-5,7.487e-6,5.579e-6,4.009e-6
Y,127405,991.4,303.3,301.0,72.2,12.5,6.1,0,0000
T,2017,06,19,20,39,28
B,807354,87516,590,3447,448479,24107,572,3448,991.4,303.0
G,2117006,144497,610,3447,1164335,33663,522,3448,991.4,303.0
R,1101904,109928,8903,3447,607379,50037,8905,3448,991.4,303.0
D,NBXX,300,6.485e-5,4.347e-5,2.523e-5,6.980e-6,5.469e-6,4.014e-6
Y,127420,991.4,303.0,300.8,72.5,12.5,6.0,0,0000
T,2017,06,19,20,44,28
B,807074,86476,639,3447,449476,23827,619,3447,991.3,302.9
G,2115407,143286,630,3447,1162954,33218,608,3447,991.3,302.9
R,1099951,109079,8496,3447,605329,48869,8694,3447,991.3,302.9
D,BBXX,30,4.843e-5,2.751e-5,2.559e-5,2.285e-5,1.052e-5,1.265e-5
Y,127324,991.3,302.9,300.7,73.2,12.5,6.1,0,0000
T,2017,06,19,20,49,28
B,730583,35035,569,3114,406363,16702,556,3114,985.5,302.9
G,1919170,51149,496,3114,1055647,20278,492,3114,985.5,302.9
R,995926,57725,7627,3114,546989,37534,7522,3114,985.5,302.9
D,ZBXX,30,4.913e-5,2.739e-5,2.527e-5,2.242e-5,1.047e-5,1.253e-5
Y,127866,985.5,302.9,300.4,72.5,12.5,6.0,0,0000
T,2017,06,19,20,54,28
B,806177,82608,548,3447,450754,23509,566,3447,991.2,302.7
G,2119344,137082,613,3447,1167839,32606,547,3447,991.2,302.7
R,1102057,105515,8207,3447,605624,47571,8336,3447,991.2,302.7
D,NBXX,3000,5.812e-5,3.985e-5,2.383e-5,6.804e-6,5.023e-6,3.549e-6
Y,127561,991.2,302.7,300.4,73.7,12.5,6.0,0,0000
Z,4.905e-5,2.738e-5,2.529e-5,2.243e-5,1.043e-5,1.255e-5,2.442e-5,1.070e-5,4.016e-6
T,2017,06,19,20,59,28
B,807449,81897,624,3447,449378,23169,564,3448,991.1,302.5
G,2121264,135848,553,3447,1168212,32238,527,3448,991.1,302.5
R,1096953,103832,8022,3447,605005,46996,7855,3448,991.1,302.5
D,NBXX,2700,5.690e-5,3.922e-5,2.353e-5,6.188e-6,4.868e-6,3.731e-6
Y,127677,991.1,302.5,300.2,74.5,12.5,6.0,0,0000
T,2017,06,19,21,04,28
B,807082,82546,543,3447,449150,23253,571,3447,991.1,302.3
G,2122692,137387,594,3447,1169585,31950,494,3447,991.1,302.3
R,1096190,103763,7887,3447,604265,46325,7751,3447,991.1,302.3
D,NBXX,2400,5.789e-5,3.993e-5,2.368e-5,6.420e-6,4.715e-6,3.523e-6
Y,127763,991.1,302.3,300.0,75.5,12.5,6.0,0,0000
T,2017,06,19,21,09,28
B,806662,83597,582,3448,450634,23100,586,3447,991.1,302.2
G,2129243,140454,538,3448,1168826,32834,527,3447,991.1,302.2
R,1098130,105005,7665,3448,606615,46476,7681,3447,991.1,302.2
D,NBXX,2100,5.925e-5,4.125e-5,2.449e-5,6.160e-6,5.122e-6,3.780e-6
Y,128121,991.1,302.2,299.9,76.4,12.5,6.0,0,0000
T,2017,06,19,21,14,28
B,806242,85440,721,3447,450299,23941,799,3447,991.3,302.0
G,2127526,142558,554,3447,1169281,32587,498,3447,991.3,302.0
R,1098270,106535,7528,3447,604234,46073,7313,3447,991.3,302.0
D,NBXX,1800,6.119e-5,4.235e-5,2.569e-5,6.725e-6,5.016e-6,3.876e-6
Y,128055,991.3,302.0,299.7,77.2,12.5,6.0,0,0000
T,2017,06,19,21,19,28
B,806413,85891,995,3447,450375,24656,1001,3448,991.5,301.9
G,2126202,143122,549,3447,1174121,32118,507,3448,991.5,301.9
R,1095655,105893,7384,3447,605891,45593,7391,3448,991.5,301.9
D,NBXX,1500,6.102e-5,4.265e-5,2.549e-5,6.913e-6,4.774e-6,3.678e-6
Y,127975,991.5,301.9,299.6,77.7,12.5,6.0,0,0000
T,2017,06,19,21,24,28
B,808452,85236,969,3447,452083,24324,961,3447,991.6,301.9
G,2131219,141399,513,3447,1177184,32778,517,3447,991.6,301.9
R,1098830,104918,7100,3447,606755,44915,7091,3447,991.6,301.9
D,NBXX,1200,5.998e-5,4.165e-5,2.517e-5,6.511e-6,5.083e-6,3.636e-6
Y,128278,991.6,301.9,299.6,77.9,12.5,6.0,0,0000
T,2017,06,19,21,29,28
B,807370,83864,868,3448,452394,23837,893,3447,991.8,301.8
G,2131967,138684,505,3448,1179062,32381,471,3447,991.8,301.8
R,1099563,103394,7009,3448,605886,44906,7097,3447,991.8,301.8
D,NBXX,900,5.854e-5,4.031e-5,2.432e-5,6.161e-6,4.917e-6,3.682e-6
Y,128286,991.8,301.8,299.7,77.5,12.5,6.0,0,0000
T,2017,06,19,21,34,28
B,807453,85891,1094,3447,453349,24499,1013,3447,991.8,301.9
G,2139104,143370,485,3447,1184402,32579,540,3447,991.8,301.9
R,1100815,104675,7006,3447,608359,44779,6918,3447,991.8,301.9
D,NBXX,600,6.071e-5,4.236e-5,2.511e-5,6.507e-6,4.930e-6,3.705e-6
Y,128754,991.8,301.9,299.8,77.5,12.5,6.0,0,0000
T,2017,06,19,21,39,28
B,808966,85865,1228,3447,454501,24955,1190,3448,991.8,301.9
G,2139603,141170,547,3447,1182797,32674,504,3448,991.8,301.9
R,1101154,104161,6760,3447,609722,43857,6733,3448,991.8,301.9
D,NBXX,300,6.001e-5,4.125e-5,2.508e-5,6.570e-6,4.954e-6,3.453e-6
Y,128784,991.8,301.9,299.8,77.7,12.5,6.0,0,0000
T,2017,06,19,21,44,28
B,807989,86159,1180,3447,455273,24962,1126,3447,991.9,302.0
G,2139626,141745,524,3447,1185255,32709,495,3447,991.9,302.0
R,1101018,104199,6652,3447,610239,44060,6691,3447,991.9,302.0
D,BBXX,30,4.905e-5,2.738e-5,2.529e-5,2.243e-5,1.043e-5,1.255e-5
Y,128785,991.9,302.0,299.9,77.5,12.5,6.0,0,0000
T,2017,06,19,21,49,28
B,732617,35677,755,3115,410809,17566,806,3114,986.3,302.1
G,1942914,51667,466,3115,1074183,20509,493,3114,986.3,302.1
R,996726,53773,6053,3115,551161,33554,6028,3114,986.3,302.1
D,ZBXX,30,4.919e-5,2.735e-5,2.498e-5,2.288e-5,1.049e-5,1.226e-5
Y,129411,986.3,302.1,300.0,77.7,12.5,6.0,0,0000
T,2017,06,19,21,54,28
B,808969,86725,749,3448,452886,23799,727,3447,992.1,302.2
G,2142297,146632,511,3448,1188642,32957,515,3447,992.1,302.2
R,1099875,106366,6792,3448,611983,44663,6817,3447,992.1,302.2
D,NBXX,3000,6.267e-5,4.392e-5,2.666e-5,6.174e-6,5.038e-6,4.154e-6
Y,128909,992.1,302.2,300.1,78.5,12.5,6.0,0,0000
Z,4.906e-5,2.740e-5,2.495e-5,2.283e-5,1.052e-5,1.226e-5,2.453e-5,1.076e-5,4.016e-6
T,2017,06,19,21,59,28
B,809307,88695,577,3447,454946,23762,616,3447,992.1,302.1
G,2144895,150984,541,3447,1191038,33124,519,3447,992.1,302.1
R,1100726,108328,6700,3447,611220,44757,6713,3447,992.1,302.1
D,NBXX,2700,6.561e-5,4.595e-5,2.786e-5,6.522e-6,5.077e-6,4.318e-6
Y,129103,992.1,302.1,300.0,79.5,12.5,6.0,0,0000
T,2017,06,19,22,04,28
B,810397,90692,779,3447,455238,24058,759,3448,992.2,302.1
G,2149317,153473,521,3447,1195073,33598,540,3448,992.2,302.1
R,1104167,109033,6760,3447,610779,44459,6674,3448,992.2,302.1
D,NBXX,2400,6.756e-5,4.701e-5,2.809e-5,6.337e-6,5.272e-6,4.077e-6
Y,129370,992.2,302.1,299.9,79.7,12.5,6.0,0,0000
T,2017,06,19,22,09,28
B,808657,89693,646,3447,455211,24021,670,3447,992.3,302.0
G,2147114,151613,538,3447,1193966,33604,526,3447,992.3,302.0
R,1101691,108665,6630,3447,613383,44744,6734,3447,992.3,302.0
D,NBXX,2100,6.683e-5,4.617e-5,2.804e-5,6.699e-6,5.294e-6,4.329e-6
Y,129237,992.3,302.0,299.8,79.4,12.5,6.0,0,0000
T,2017,06,19,22,14,28
B,808447,87110,598,3448,456113,23254,547,3447,992.4,301.9
G,2149370,147923,524,3448,1193501,32796,462,3447,992.4,301.9
R,1102499,107092,6735,3448,612757,44237,6776,3447,992.4,301.9
D,NBXX,1800,6.371e-5,4.431e-5,2.701e-5,5.966e-6,4.918e-6,3.937e-6
Y,129336,992.4,301.9,299.8,79.2,12.5,6.0,0,0000
T,2017,06,19,22,19,28
B,808196,79723,486,3447,452703,22942,520,3447,992.5,301.8
G,2141655,134326,472,3447,1190962,31867,563,3447,992.5,301.8
R,1099733,100505,6878,3447,609817,43534,6708,3447,992.5,301.8
D,NBXX,1500,5.417e-5,3.786e-5,2.333e-5,5.740e-6,4.485e-6,3.521e-6
Y,128908,992.5,301.8,299.7,78.5,12.5,6.0,0,0000
T,2017,06,19,22,24,28
B,809465,77883,519,3447,455540,22285,460,3448,992.6,301.7
G,2144044,128713,477,3447,1195221,31440,534,3448,992.6,301.7
R,1100746,97124,6787,3447,611569,43479,6627,3448,992.6,301.7
D,NBXX,1200,5.163e-5,3.505e-5,2.147e-5,4.864e-6,4.269e-6,3.583e-6
Y,129052,992.6,301.7,299.5,79.0,12.5,6.0,0,0000
T,2017,06,19,22,29,28
B,807790,74809,474,3447,455473,22238,518,3447,992.6,301.5
G,2146093,123955,536,3447,1195660,30725,526,3447,992.6,301.5
R,1102234,93077,6711,3447,611533,42623,6644,3447,992.6,301.5
D,NBXX,900,4.774e-5,3.263e-5,1.914e-5,4.835e-6,3.879e-6,3.119e-6
Y,129176,992.6,301.5,299.3,79.5,12.4,6.0,0,0000
T,2017,06,19,22,34,28
B,807906,70573,498,3448,454939,22164,514,3447,992.6,301.4
G,2149751,116662,532,3448,1192520,29738,508,3447,992.6,301.4
R,1100567,89993,6646,3448,611006,42285,6451,3447,992.6,301.4
D,NBXX,600,4.212e-5,2.897e-5,1.762e-5,4.711e-6,3.389e-6,3.125e-6
Y,129359,992.6,301.4,299.1,80.4,12.5,6.0,0,0000
T,2017,06,19,22,39,28
B,809576,70527,520,3447,456578,21942,553,3447,992.6,301.3
G,2148344,116259,487,3447,1193591,29756,523,3447,992.6,301.3
R,1101043,90529,6587,3447,613504,41476,6505,3447,992.6,301.3
D,NBXX,300,4.178e-5,2.883e-5,1.791e-5,4.261e-6,3.419e-6,2.655e-6
Y,129311,992.6,301.3,299.0,81.1,12.5,6.0,0,0000
T,2017,06,19,22,44,28
B,806422,69182,562,3448,456065,21723,521,3447,992.7,301.2
G,2152399,114330,476,3448,1195251,29414,482,3447,992.7,301.2
R,1100403,88364,6498,3448,612346,40935,6522,3447,992.7,301.2
D,BBXX,30,4.906e-5,2.740e-5,2.495e-5,2.283e-5,1.052e-5,1.226e-5
Y,129518,992.7,301.2,299.0,81.4,12.5,6.0,0,0000
T,2017,06,19,22,49,28
B,732642,34647,487,3114,412391,16757,470,3114,987.0,301.4
G,1948271,51968,448,3114,1085070,20553,471,3114,987.0,301.4
R,995830,53346,5746,3114,554065,32928,5853,3114,987.0,301.4
D,ZBXX,30,4.870e-5,2.746e-5,2.509e-5,2.272e-5,1.051e-5,1.222e-5
Y,129810,987.0,301.4,298.9,80.0,12.5,6.0,0,0000
T,2017,06,19,22,54,28
B,808148,65493,528,3448,456077,21382,528,3447,992.7,301.2
G,2153892,107161,486,3448,1195942,28810,510,3447,992.7,301.2
R,1098218,85187,6334,3448,609906,40346,6337,3447,992.7,301.2
D,NBXX,3000,3.571e-5,2.420e-5,1.512e-5,3.835e-6,2.931e-6,2.489e-6
Y,129608,992.7,301.2,298.9,81.1,12.5,6.0,0,0000
Z,4.875e-5,2.746e-5,2.510e-5,2.262e-5,1.053e-5,1.212e-5,2.458e-5,1.079e-5,4.043e-6
T,2017,06,19,22,59,28
B,808610,62487,502,3447,454001,21124,501,3447,992.8,301.1
G,2150472,103793,450,3447,1190308,28413,502,3447,992.8,301.1
R,1096970,83167,6008,3447,609755,40381,6268,3447,992.8,301.1
D,NBXX,2700,3.175e-5,2.266e-5,1.428e-5,3.540e-6,2.780e-6,2.782e-6
Y,129440,992.8,301.1,298.8,81.4,12.5,6.0,0,0000
T,2017,06,19,23,04,28
B,809340,64439,508,3447,453735,21202,512,3448,992.8,301.0
G,2154528,106256,476,3447,1190102,28406,485,3448,992.8,301.0
R,1099962,84372,6146,3447,608157,40343,6169,3448,992.8,301.0
D,NBXX,2400,3.422e-5,2.376e-5,1.483e-5,3.585e-6,2.742e-6,2.688e-6
Y,129685,992.8,301.0,298.6,82.1,12.5,6.0,0,0000
T,2017,06,19,23,09,28
B,809119,63683,524,3447,455056,21497,550,3447,992.9,300.9
G,2154688,105781,460,3447,1194522,28602,510,3447,992.9,300.9
R,1099202,84404,6280,3447,610433,39753,6140,3447,992.9,300.9
D,NBXX,2100,3.317e-5,2.352e-5,1.478e-5,3.906e-6,2.836e-6,2.285e-6
Y,129694,992.9,300.9,298.5,82.7,12.5,6.0,0,0000
T,2017,06,19,23,14,29
B,810494,63386,857,3448,455893,22184,847,3447,992.9,300.8
G,2157886,103312,493,3448,1194348,28420,475,3447,992.9,300.8
R,1100328,83535,5962,3448,609426,39390,5958,3447,992.9,300.8
D,NBXX,1800,3.167e-5,2.224e-5,1.457e-5,3.799e-6,2.732e-6,2.399e-6
Y,129849,992.9,300.8,298.6,82.9,12.5,6.0,0,0000
T,2017,06,19,23,19,28
B,810710,60593,785,3447,454095,21755,750,3447,993.0,300.8
G,2155784,98890,451,3447,1198892,27703,448,3447,993.0,300.8
R,1098723,80051,5989,3447,609752,38975,6065,3447,993.0,300.8
D,NBXX,1500,2.823e-5,2.017e-5,1.255e-5,3.478e-6,2.431e-6,2.089e-6
Y,129760,993.0,300.8,298.6,82.7,12.5,6.0,0,0000
T,2017,06,19,23,24,29
B,808018,59026,584,3447,450518,20857,622,3448,993.2,300.8
G,2152797,95552,426,3447,1186227,27689,420,3448,993.2,300.8
R,1098876,78361,5841,3447,600988,38259,5980,3448,993.2,300.8
D,NBXX,1200,2.692e-5,1.864e-5,1.173e-5,2.877e-6,2.468e-6,1.827e-6
Y,129580,993.2,300.8,298.6,82.1,12.4,6.0,0,0000
T,2017,06,19,23,29,29
B,809367,58353,459,3447,449061,20800,504,3447,993.1,300.8
G,2157607,96070,426,3447,1181230,27242,447,3447,993.1,300.8
R,1098705,78184,5865,3447,600680,38682,5699,3447,993.1,300.8
D,NBXX,900,2.627e-5,1.877e-5,1.181e-5,3.137e-6,2.210e-6,2.246e-6
Y,129870,993.1,300.8,298.6,82.4,12.5,6.0,0,0000
T,2017,06,19,23,34,29
B,808787,59622,446,3448,452884,20486,489,3447,993.1,300.7
G,2159606,97902,451,3448,1189076,27951,439,3447,993.1,300.7
R,1099560,79614,5823,3448,605238,38684,5685,3447,993.1,300.7
D,NBXX,600,2.804e-5,1.961e-5,1.263e-5,2.792e-6,2.537e-6,2.278e-6
Y,129953,993.1,300.7,298.5,83.2,12.5,6.0,0,0000
T,2017,06,19,23,39,29
B,808007,60139,483,3447,448920,20533,422,3447,993.1,300.6
G,2159968,98699,481,3447,1183267,27670,429,3447,993.1,300.6
R,1096271,79741,5568,3447,602636,38326,5777,3447,993.1,300.6
D,NBXX,300,2.884e-5,1.998e-5,1.292e-5,2.917e-6,2.383e-6,2.220e-6
Y,130013,993.1,300.6,298.4,83.7,12.5,6.0,0,0000
T,2017,06,19,23,44,28
B,807509,61035,478,3448,450854,20999,476,3447,993.1,300.5
G,2162100,100074,443,3448,1186109,27679,431,3447,993.1,300.5
R,1098127,79669,5602,3448,603032,38141,5693,3447,993.1,300.5
D,BBXX,30,4.875e-5,2.746e-5,2.510e-5,2.262e-5,1.053e-5,1.212e-5
Y,130104,993.1,300.5,298.2,84.4,12.5,6.0,0,0000
T,2017,06,19,23,49,29
B,731832,34675,408,3114,406525,16832,404,3114,987.3,300.7
G,1958981,52099,396,3114,1070586,20498,397,3114,987.3,300.7
R,993183,51929,4987,3114,544959,30895,5158,3114,987.3,300.7
D,ZBXX,30,4.904e-5,2.746e-5,2.532e-5,2.309e-5,1.050e-5,1.203e-5
Y,130526,987.3,300.7,298.0,83.2,12.5,6.0,0,0000
T,2017,06,19,23,54,29
B,808529,64643,431,3448,449941,21068,446,3447,993.1,300.4
G,2158370,106376,433,3448,1188017,28411,488,3447,993.1,300.4
R,1099072,83224,5623,3448,600994,38455,5502,3447,993.1,300.4
D,NBXX,3000,3.474e-5,2.376e-5,1.469e-5,3.266e-6,2.773e-6,2.497e-6
Y,129879,993.1,300.4,298.0,84.9,12.5,6.0,0,0000
Z,4.882e-5,2.745e-5,2.539e-5,2.304e-5,1.050e-5,1.204e-5,2.466e-5,1.081e-5,4.070e-6
T,2017,06,19,23,59,29
B,808916,66570,399,3447,451554,21183,469,3447,993.2,300.3
G,2162682,110702,477,3447,1193510,28683,444,3447,993.2,300.3
R,1098290,84593,5697,3447,603123,38407,5467,3447,993.2,300.3
D,NBXX,2700,3.725e-5,2.576e-5,1.548e-5,3.411e-6,2.874e-6,2.449e-6
Y,130177,993.2,300.3,297.9,85.9,12.5,6.0,0,0000
