Time	micCh1_mV	micCh2_mV	micCh3_mV	micCh4_mV	pdCh1_mV	pdCh2_mV	pdCh3_mV	pdCh4_mV	tau_sec	babsCh1_Mm	babsCh2_Mm	babsCh3_Mm	babsCh4_Mm	bext_Mm	fres_Hz	filter_state	elapsedTime_min
2017-04-27 16:27:27	1.7050E+0	2.1668E+0	2.1071E+0	1.9345E+0	2.4978E-2	3.5192E-2	3.4706E-2	3.1622E-2	2.9023E-5	6.9754E+4	5.9702E+4	6.0219E+4	5.9416E+4	-Inf	1370.000000	0.000000	0.0
2017-04-27 16:27:28	1.6827E+0	2.1592E+0	2.1968E+0	1.9536E+0	2.5060E-2	3.5367E-2	3.4558E-2	3.1688E-2	2.5611E-5	6.8261E+4	6.1571E+4	6.0712E+4	6.1175E+4	-Inf	1370.000000	0.000000	0.0
2017-04-27 16:27:29	1.6705E+0	2.1218E+0	2.1440E+0	1.9328E+0	2.5507E-2	3.5036E-2	3.4703E-2	3.1234E-2	2.8018E-5	6.7146E+4	6.1053E+4	6.3568E+4	6.1649E+4	-Inf	1370.000000	0.000000	0.0
2017-04-27 16:27:30	1.7368E+0	2.0770E+0	2.0961E+0	1.9279E+0	2.5315E-2	3.5398E-2	3.5048E-2	3.1313E-2	2.5949E-5	6.5490E+4	6.0561E+4	6.1782E+4	6.1881E+4	-Inf	1370.000000	0.000000	0.0
2017-04-27 16:27:31	1.7098E+0	2.0242E+0	2.1022E+0	1.9176E+0	2.5424E-2	3.5648E-2	3.5246E-2	3.1741E-2	9.6468E-5	6.8607E+4	5.8676E+4	5.9806E+4	6.1570E+4	-Inf	1370.000000	0.000000	0.0
2017-04-27 16:27:32	1.6382E+0	2.0730E+0	2.1135E+0	1.9246E+0	2.5494E-2	3.5654E-2	3.5262E-2	3.1595E-2	-6.5395E-5	6.7253E+4	5.6783E+4	5.9645E+4	6.0415E+4	-Inf	1370.000000	0.000000	0.0
2017-04-27 16:27:33	1.6435E+0	2.1997E+0	2.0632E+0	1.8913E+0	2.5660E-2	3.5504E-2	3.5422E-2	3.1454E-2	1.1392E-5	6.4259E+4	5.8141E+4	5.9937E+4	6.0915E+4	-Inf	1370.000000	0.000000	0.0
2017-04-27 16:27:34	1.6717E+0	2.2219E+0	2.0386E+0	1.9149E+0	2.5206E-2	3.5886E-2	3.5646E-2	3.1556E-2	5.9924E-5	6.4050E+4	6.1957E+4	5.8247E+4	6.0130E+4	-Inf	1370.000000	0.000000	0.0
2017-04-27 16:27:35	1.6402E+0	2.1028E+0	1.9507E+0	1.8003E+0	2.5078E-2	3.6360E-2	3.5363E-2	3.1614E-2	-3.5616E-3	6.6319E+4	6.1917E+4	5.7190E+4	6.0682E+4	-Inf	1370.000000	0.000000	0.0
2017-04-27 16:27:36	1.6271E+0	2.2371E+0	1.9182E+0	1.8184E+0	2.5232E-2	3.6746E-2	3.5658E-2	3.1674E-2	2.6569E-5	6.5405E+4	5.7834E+4	5.5163E+4	5.6947E+4	-Inf	1370.000000	0.000000	0.0
2017-04-27 16:27:37	1.6777E+0	2.2076E+0	1.9520E+0	1.7518E+0	2.5133E-2	3.6929E-2	3.5388E-2	3.1306E-2	-9.4544E-5	6.4483E+4	6.0880E+4	5.3795E+4	5.7410E+4	-Inf	1370.000000	0.000000	0.0
2017-04-27 16:27:38	1.6943E+0	2.1010E+0	1.9518E+0	1.7143E+0	2.5088E-2	3.7149E-2	3.5400E-2	3.1311E-2	-9.4544E-5	6.6753E+4	5.9778E+4	5.5159E+4	5.5957E+4	-Inf	1370.000000	0.000000	0.0
2017-04-27 16:27:39	1.8272E+0	2.0890E+0	1.9240E+0	1.6729E+0	2.5134E-2	3.7123E-2	3.4947E-2	3.1158E-2	4.6960E-5	6.7535E+4	5.6556E+4	5.5136E+4	5.4751E+4	-Inf	1370.000000	0.000000	0.0
2017-04-27 16:27:40	1.8539E+0	1.9807E+0	1.8838E+0	1.6655E+0	2.5409E-2	3.7147E-2	3.4914E-2	3.1048E-2	3.4015E-4	7.2699E+4	5.6272E+4	5.5055E+4	5.3692E+4	-Inf	1370.000000	0.000000	0.0
2017-04-27 16:27:41	1.9154E+0	1.9014E+0	1.8070E+0	1.6623E+0	2.5303E-2	3.6987E-2	3.5282E-2	3.0874E-2	1.6372E-5	7.2961E+4	5.3320E+4	5.3957E+4	5.3642E+4	-Inf	1370.000000	0.000000	0.0
2017-04-27 16:27:42	1.8855E+0	1.9424E+0	1.8479E+0	1.6985E+0	2.5404E-2	3.7405E-2	3.5322E-2	3.0485E-2	1.1402E-4	7.5698E+4	5.1406E+4	5.1214E+4	5.3842E+4	-Inf	1370.000000	0.000000	0.0
2017-04-27 16:27:43	1.8707E+0	1.9171E+0	1.7881E+0	1.6969E+0	2.5379E-2	3.7747E-2	3.5600E-2	3.0304E-2	-7.6682E-6	7.4220E+4	5.1928E+4	5.2314E+4	5.5716E+4	-Inf	1370.000000	0.000000	0.0
2017-04-27 16:27:44	1.7806E+0	1.8663E+0	1.7695E+0	1.7558E+0	2.5044E-2	3.7852E-2	3.5402E-2	2.9985E-2	2.2295E-5	7.3709E+4	5.0789E+4	5.0227E+4	5.5995E+4	-Inf	1370.000000	0.000000	0.0
2017-04-27 16:27:45	1.7341E+0	1.8424E+0	1.9146E+0	1.8437E+0	2.5408E-2	3.7788E-2	3.5499E-2	2.9734E-2	3.9740E-5	7.1097E+4	4.9304E+4	4.9983E+4	5.8557E+4	-Inf	1370.000000	0.000000	0.0
2017-04-27 16:27:46	1.6545E+0	1.8431E+0	1.9194E+0	1.7824E+0	2.5403E-2	3.7634E-2	3.5399E-2	2.9830E-2	4.2478E-5	6.8252E+4	4.8758E+4	5.3935E+4	6.2004E+4	-Inf	1370.000000	0.000000	0.0
2017-04-27 16:27:47	1.6587E+0	1.7602E+0	2.0888E+0	1.7999E+0	2.5290E-2	3.7780E-2	3.5041E-2	2.9616E-2	9.5837E-5	6.5128E+4	4.8974E+4	5.4221E+4	5.9752E+4	-Inf	1370.000000	0.000000	0.0
2017-04-27 16:27:48	1.6816E+0	1.7986E+0	2.0033E+0	1.7805E+0	2.5175E-2	3.7738E-2	3.4906E-2	2.9036E-2	1.3289E-4	6.5588E+4	4.6592E+4	5.9610E+4	6.0773E+4	-Inf	1370.000000	0.000000	0.0
2017-04-27 16:27:49	1.6687E+0	1.8010E+0	1.9608E+0	1.7963E+0	2.5312E-2	3.7271E-2	3.5179E-2	2.8760E-2	2.9064E-4	6.6796E+4	4.7661E+4	5.7390E+4	6.1320E+4	-Inf	1370.000000	0.000000	0.0
2017-04-27 16:27:50	1.6881E+0	1.7799E+0	2.0524E+0	1.8183E+0	2.5482E-2	3.7276E-2	3.5234E-2	2.8797E-2	2.6432E-5	6.5926E+4	4.8322E+4	5.5739E+4	6.2458E+4	-Inf	1370.000000	0.000000	0.0
2017-04-27 16:27:51	1.6778E+0	1.7344E+0	1.9399E+0	1.7852E+0	2.5156E-2	3.7364E-2	3.5334E-2	2.8911E-2	-3.4934E-5	6.6245E+4	4.7750E+4	5.8250E+4	6.3141E+4	-Inf	1370.000000	0.000000	0.0
2017-04-27 16:27:52	1.7024E+0	1.7840E+0	1.8794E+0	1.7416E+0	2.5112E-2	3.7732E-2	3.5459E-2	2.8882E-2	-1.4765E-6	6.6694E+4	4.6420E+4	5.4901E+4	6.1748E+4	-Inf	1370.000000	0.000000	0.0
2017-04-27 16:27:53	1.6120E+0	1.7045E+0	1.7751E+0	1.6681E+0	2.5295E-2	3.8143E-2	3.5243E-2	2.9012E-2	-8.6797E-5	6.7793E+4	4.7280E+4	5.3002E+4	6.0299E+4	-Inf	1370.000000	0.000000	0.0
2017-04-27 16:27:54	1.6318E+0	1.6194E+0	1.6705E+0	1.6817E+0	2.4577E-2	3.7818E-2	3.5435E-2	2.8944E-2	-2.5970E-4	6.3728E+4	4.4688E+4	5.0366E+4	5.7497E+4	-Inf	1370.000000	0.000000	0.0
2017-04-27 16:27:55	1.7263E+0	1.5860E+0	1.7142E+0	1.8107E+0	2.4944E-2	3.7924E-2	3.5094E-2	2.8546E-2	1.4622E-5	6.6396E+4	4.2821E+4	4.7142E+4	5.8102E+4	-Inf	1370.000000	0.000000	0.0
2017-04-27 16:27:56	1.7706E+0	1.5260E+0	1.7397E+0	1.6913E+0	2.5280E-2	3.7974E-2	3.4709E-2	2.8407E-2	1.4622E-5	6.9207E+4	4.1820E+4	4.8846E+4	6.3430E+4	-Inf	1370.000000	0.000000	0.0
2017-04-27 16:27:57	1.7472E+0	1.5546E+0	1.7677E+0	1.8110E+0	2.5219E-2	3.8194E-2	3.4851E-2	2.8221E-2	3.1565E-5	7.0040E+4	4.0186E+4	5.0121E+4	5.9538E+4	-Inf	1370.000000	0.000000	0.0
2017-04-27 16:27:58	1.7988E+0	1.4404E+0	1.7376E+0	1.7610E+0	2.4995E-2	3.7829E-2	3.4725E-2	2.8507E-2	2.2843E-4	6.9284E+4	4.0702E+4	5.0721E+4	6.4173E+4	-Inf	1370.000000	0.000000	0.0
2017-04-27 16:27:59	1.7346E+0	1.4801E+0	1.7085E+0	1.6644E+0	2.4854E-2	3.7382E-2	3.5000E-2	2.8194E-2	1.5528E-4	7.1966E+4	3.8076E+4	5.0041E+4	6.1776E+4	-Inf	1370.000000	0.000000	0.0
2017-04-27 16:28:00	1.7511E+0	1.4747E+0	1.7322E+0	1.6673E+0	2.4502E-2	3.7562E-2	3.5280E-2	2.7785E-2	1.1475E-4	6.9793E+4	3.9595E+4	4.8815E+4	5.9035E+4	-Inf	1370.000000	0.000000	0.0
2017-04-27 16:28:01	1.7317E+0	1.4656E+0	1.7549E+0	1.6354E+0	2.4166E-2	3.7108E-2	3.5184E-2	2.7910E-2	2.1927E-5	7.1466E+4	3.9261E+4	4.9100E+4	6.0007E+4	-Inf	1370.000000	0.000000	0.0
2017-04-27 16:28:02	1.7601E+0	1.4811E+0	1.7256E+0	1.6269E+0	2.3748E-2	3.7533E-2	3.5443E-2	2.7881E-2	2.6744E-4	7.1657E+4	3.9495E+4	4.9878E+4	5.8596E+4	-Inf	1370.000000	0.000000	0.0
2017-04-27 16:28:03	1.6867E+0	1.4471E+0	1.7202E+0	1.6628E+0	2.3871E-2	3.7058E-2	3.5287E-2	2.7805E-2	7.3638E-5	7.4116E+4	3.9461E+4	4.8688E+4	5.8352E+4	-Inf	1370.000000	0.000000	0.0
2017-04-27 16:28:04	1.6843E+0	1.2702E+0	1.7477E+0	1.6808E+0	2.3977E-2	3.6779E-2	3.5410E-2	2.7359E-2	-1.0792E-4	7.0659E+4	3.9049E+4	4.8749E+4	5.9800E+4	-Inf	1370.000000	0.000000	0.0
2017-04-27 16:28:05	1.8057E+0	1.3120E+0	1.7315E+0	1.8264E+0	2.4323E-2	3.6651E-2	3.5212E-2	2.7687E-2	-2.4020E-3	7.0246E+4	3.4535E+4	4.9356E+4	6.1435E+4	-Inf	1370.000000	0.000000	0.0
2017-04-27 16:28:06	1.8481E+0	1.3784E+0	1.8048E+0	1.9427E+0	2.4154E-2	3.6748E-2	3.5084E-2	2.7399E-2	-2.6185E-5	7.4238E+4	3.5797E+4	4.9174E+4	6.5965E+4	-Inf	1370.000000	0.000000	0.0
2017-04-27 16:28:07	1.8125E+0	1.4231E+0	1.7671E+0	1.8374E+0	2.4092E-2	3.6640E-2	3.4644E-2	2.7194E-2	-3.0394E-5	7.6514E+4	3.7509E+4	5.1443E+4	7.0903E+4	-Inf	1370.000000	0.000000	0.0
2017-04-27 16:28:08	1.7709E+0	1.4004E+0	1.7210E+0	1.9096E+0	2.4186E-2	3.6479E-2	3.4720E-2	2.7370E-2	1.8147E-5	7.5233E+4	3.8840E+4	5.1008E+4	6.7565E+4	-Inf	1370.000000	0.000000	0.0
2017-04-27 16:28:09	1.7836E+0	1.3789E+0	1.6984E+0	1.8786E+0	2.4319E-2	3.6532E-2	3.4670E-2	2.7649E-2	1.8235E-4	7.3220E+4	3.8388E+4	4.9569E+4	6.9771E+4	-Inf	1370.000000	0.000000	0.0
2017-04-27 16:28:10	1.6478E+0	1.3435E+0	1.7111E+0	1.9337E+0	2.4191E-2	3.6394E-2	3.4605E-2	2.7186E-2	9.7898E-5	7.3341E+4	3.7744E+4	4.8987E+4	6.7944E+4	-Inf	1370.000000	0.000000	0.0
2017-04-27 16:28:11	1.6452E+0	1.3869E+0	1.6186E+0	1.9299E+0	2.4153E-2	3.6332E-2	3.4198E-2	2.7186E-2	-2.7582E-5	6.8117E+4	3.6916E+4	4.9447E+4	7.1128E+4	-Inf	1370.000000	0.000000	0.0
2017-04-27 16:28:12	1.5656E+0	1.4319E+0	1.6829E+0	1.9510E+0	2.4361E-2	3.6399E-2	3.3856E-2	2.7258E-2	-1.5731E-4	6.8113E+4	3.8172E+4	4.7330E+4	7.0989E+4	-Inf	1370.000000	0.000000	0.0
2017-04-27 16:28:13	1.5060E+0	1.4221E+0	1.7334E+0	2.0369E+0	2.4604E-2	3.6513E-2	3.3521E-2	2.7439E-2	6.5767E-5	6.4268E+4	3.9338E+4	4.9706E+4	7.1573E+4	-Inf	1370.000000	0.000000	0.0
2017-04-27 16:28:14	1.4965E+0	1.4144E+0	1.7895E+0	2.0612E+0	2.4827E-2	3.6536E-2	3.3147E-2	2.7739E-2	1.5549E-4	6.1210E+4	3.8949E+4	5.1711E+4	7.4233E+4	-Inf	1370.000000	0.000000	0.0
2017-04-27 16:28:15	1.6084E+0	1.3749E+0	1.7170E+0	2.0383E+0	2.5037E-2	3.6911E-2	3.3135E-2	2.7909E-2	-2.5033E-5	6.0280E+4	3.8711E+4	5.3988E+4	7.4305E+4	-Inf	1370.000000	0.000000	0.0
2017-04-27 16:28:16	1.6464E+0	1.3676E+0	1.5586E+0	1.9634E+0	2.5123E-2	3.7036E-2	3.2980E-2	2.7889E-2	-3.6315E-5	6.4240E+4	3.7250E+4	5.1817E+4	7.3032E+4	-Inf	1370.000000	0.000000	0.0
2017-04-27 16:28:17	1.5824E+0	1.2881E+0	1.4722E+0	1.9791E+0	2.4969E-2	3.6770E-2	3.3412E-2	2.7981E-2	-3.6482E-5	6.5534E+4	3.6926E+4	4.7260E+4	7.0403E+4	-Inf	1370.000000	0.000000	0.0
2017-04-27 16:28:18	1.5730E+0	1.3394E+0	1.2616E+0	1.9735E+0	2.5165E-2	3.6300E-2	3.3430E-2	2.7931E-2	-3.9677E-5	6.3373E+4	3.5031E+4	4.4061E+4	7.0729E+4	-Inf	1370.000000	0.000000	0.0
2017-04-27 16:28:19	1.7179E+0	1.6052E+0	1.3253E+0	2.1138E+0	2.4907E-2	3.6115E-2	3.3691E-2	2.7917E-2	-3.9677E-5	6.2508E+4	3.6899E+4	3.7739E+4	7.0658E+4	-Inf	1370.000000	0.000000	0.0
2017-04-27 16:28:20	1.7341E+0	1.5898E+0	1.3253E+0	2.1191E+0	2.4722E-2	3.5956E-2	3.4060E-2	2.7969E-2	1.5140E-4	6.8972E+4	4.4447E+4	3.9336E+4	7.5717E+4	-Inf	1370.000000	0.000000	0.0
2017-04-27 16:28:21	1.9672E+0	1.7237E+0	1.3639E+0	2.0146E+0	2.4638E-2	3.6025E-2	3.4382E-2	2.7900E-2	1.3361E-4	7.0142E+4	4.4214E+4	3.8912E+4	7.5767E+4	-Inf	1370.000000	0.000000	0.0
2017-04-27 16:28:22	1.9968E+0	1.7685E+0	1.4380E+0	2.0629E+0	2.4617E-2	3.5582E-2	3.4496E-2	2.7826E-2	4.7438E-5	7.9844E+4	4.7848E+4	3.9669E+4	7.2208E+4	-Inf	1370.000000	0.000000	0.0
2017-04-27 16:28:23	2.3597E+0	1.9475E+0	1.6187E+0	2.1685E+0	2.4595E-2	3.5936E-2	3.4851E-2	2.7655E-2	-1.3530E-5	8.1114E+4	4.9702E+4	4.1686E+4	7.4138E+4	-Inf	1370.000000	0.000000	0.0
2017-04-27 16:28:24	2.5000E+0	2.0431E+0	1.7126E+0	2.2753E+0	2.4648E-2	3.5972E-2	3.4922E-2	2.7275E-2	-5.0768E-5	9.5941E+4	5.4194E+4	4.6446E+4	7.8412E+4	-Inf	1370.000000	0.000000	0.0
2017-04-27 16:28:25	2.5253E+0	2.0408E+0	1.6624E+0	2.2848E+0	2.4871E-2	3.5972E-2	3.4499E-2	2.7616E-2	1.8241E-5	1.0143E+5	5.6798E+4	4.9041E+4	8.3420E+4	-Inf	1370.000000	0.000000	0.0
2017-04-27 16:28:26	2.4841E+0	2.1046E+0	1.6151E+0	2.1875E+0	2.4923E-2	3.5597E-2	3.4602E-2	2.7711E-2	-5.6008E-5	1.0153E+5	5.6734E+4	4.8186E+4	8.2733E+4	-Inf	1370.000000	0.000000	0.0
2017-04-27 16:28:27	2.4443E+0	2.0910E+0	1.6750E+0	2.1675E+0	2.5245E-2	3.5695E-2	3.4550E-2	2.8072E-2	-2.0174E-5	9.9671E+4	5.9124E+4	4.6677E+4	7.8938E+4	-Inf	1370.000000	0.000000	0.0
2017-04-27 16:28:28	2.5141E+0	2.0982E+0	1.6408E+0	2.0715E+0	2.5333E-2	3.6106E-2	3.4545E-2	2.8264E-2	1.2948E-4	9.6822E+4	5.8581E+4	4.8480E+4	7.7210E+4	-Inf	1370.000000	0.000000	0.0
2017-04-27 16:28:29	2.4236E+0	2.0911E+0	1.7706E+0	2.0647E+0	2.5160E-2	3.5863E-2	3.4023E-2	2.8448E-2	1.4139E-4	9.9243E+4	5.8114E+4	4.7497E+4	7.3289E+4	-Inf	1370.000000	0.000000	0.0
2017-04-27 16:28:30	2.5337E+0	2.0921E+0	1.8038E+0	2.1880E+0	2.5146E-2	3.5678E-2	3.3674E-2	2.8175E-2	1.0324E-4	9.6328E+4	5.8309E+4	5.2040E+4	7.2579E+4	-Inf	1370.000000	0.000000	0.0
2017-04-27 16:28:31	2.4411E+0	2.2548E+0	1.8113E+0	2.2435E+0	2.5207E-2	3.5875E-2	3.3637E-2	2.8529E-2	1.0166E-4	1.0076E+5	5.8638E+4	5.3568E+4	7.7659E+4	-Inf	1370.000000	0.000000	0.0
2017-04-27 16:28:32	2.5078E+0	2.3165E+0	1.7924E+0	2.3159E+0	2.5357E-2	3.5764E-2	3.3679E-2	2.8847E-2	9.4375E-5	9.6841E+4	6.2851E+4	5.3849E+4	7.8639E+4	-Inf	1370.000000	0.000000	0.0
2017-04-27 16:28:33	2.4029E+0	2.3579E+0	1.8126E+0	2.3991E+0	2.5560E-2	3.5982E-2	3.3891E-2	2.8999E-2	6.0192E-5	9.8899E+4	6.4773E+4	5.3220E+4	8.0282E+4	-Inf	1370.000000	0.000000	0.0
2017-04-27 16:28:34	2.5240E+0	2.4527E+0	1.8242E+0	2.4123E+0	2.5772E-2	3.6266E-2	3.4067E-2	2.8655E-2	6.0192E-5	9.4010E+4	6.5532E+4	5.3483E+4	8.2730E+4	-Inf	1370.000000	0.000000	0.0
2017-04-27 16:28:35	2.4290E+0	2.3223E+0	1.7668E+0	2.3753E+0	2.5516E-2	3.6816E-2	3.4092E-2	2.8850E-2	-5.6503E-5	9.7933E+4	6.7632E+4	5.3546E+4	8.4183E+4	-Inf	1370.000000	0.000000	0.0
2017-04-27 16:28:36	2.3492E+0	2.3478E+0	1.7854E+0	2.2663E+0	2.5222E-2	3.6998E-2	3.4409E-2	2.8565E-2	6.6729E-5	9.5196E+4	6.3078E+4	5.1825E+4	8.2333E+4	-Inf	1370.000000	0.000000	0.0
2017-04-27 16:28:37	2.3929E+0	2.3451E+0	1.7596E+0	2.1325E+0	2.5038E-2	3.7392E-2	3.4429E-2	2.9012E-2	-5.1343E-5	9.3141E+4	6.3459E+4	5.1886E+4	7.9340E+4	-Inf	1370.000000	0.000000	0.0
2017-04-27 16:28:38	2.4672E+0	2.3618E+0	1.7968E+0	2.2575E+0	2.5086E-2	3.7703E-2	3.4448E-2	2.9087E-2	-7.2294E-5	9.5571E+4	6.2716E+4	5.1109E+4	7.3503E+4	-Inf	1370.000000	0.000000	0.0
2017-04-27 16:28:39	2.3568E+0	2.3840E+0	1.7762E+0	2.2211E+0	2.5381E-2	3.8311E-2	3.4602E-2	2.9665E-2	8.4103E-5	9.8350E+4	6.2643E+4	5.2162E+4	7.7611E+4	-Inf	1370.000000	0.000000	0.0
2017-04-27 16:28:40	2.3823E+0	2.4725E+0	1.8040E+0	2.2751E+0	2.5398E-2	3.8414E-2	3.5041E-2	2.9677E-2	4.5542E-5	9.2855E+4	6.2229E+4	5.1332E+4	7.4875E+4	-Inf	1370.000000	0.000000	0.0
2017-04-27 16:28:41	2.3290E+0	2.4011E+0	1.7701E+0	2.2363E+0	2.5549E-2	3.8486E-2	3.5275E-2	2.9886E-2	5.1201E-5	9.3796E+4	6.4365E+4	5.1483E+4	7.6661E+4	-Inf	1370.000000	0.000000	0.0
2017-04-27 16:28:42	2.3773E+0	2.4253E+0	1.8727E+0	2.2605E+0	2.5699E-2	3.8511E-2	3.4993E-2	2.9881E-2	-7.6320E-5	9.1159E+4	6.2388E+4	5.0179E+4	7.4830E+4	-Inf	1370.000000	0.000000	0.0
2017-04-27 16:28:43	2.3431E+0	2.4836E+0	1.8248E+0	2.3567E+0	2.6018E-2	3.8451E-2	3.5276E-2	3.0051E-2	-7.6320E-5	9.2504E+4	6.2977E+4	5.3518E+4	7.5649E+4	-Inf	1370.000000	0.000000	0.0
2017-04-27 16:28:44	2.4585E+0	2.5641E+0	1.7804E+0	2.2921E+0	2.6299E-2	3.8387E-2	3.4935E-2	3.0018E-2	Inf	9.0058E+4	6.4592E+4	5.1728E+4	7.8423E+4	-Inf	1370.000000	0.000000	0.0
2017-04-27 16:28:45	2.5337E+0	2.5227E+0	1.7240E+0	2.3057E+0	2.6270E-2	3.8270E-2	3.4664E-2	3.0040E-2	Inf	9.3483E+4	6.6795E+4	5.0962E+4	7.6358E+4	-Inf	1370.000000	0.000000	0.0
2017-04-27 16:28:46	2.4836E+0	2.6387E+0	1.7970E+0	2.3464E+0	2.6354E-2	3.8696E-2	3.4977E-2	2.9710E-2	Inf	9.6448E+4	6.5919E+4	4.9734E+4	7.6753E+4	-Inf	1370.000000	0.000000	0.0
2017-04-27 16:28:47	2.5121E+0	2.6355E+0	1.9114E+0	2.2570E+0	2.6435E-2	3.8411E-2	3.4899E-2	2.9992E-2	Inf	9.4242E+4	6.8189E+4	5.1376E+4	7.8975E+4	-Inf	1370.000000	0.000000	0.0
2017-04-27 16:28:48	2.6381E+0	2.8049E+0	2.0271E+0	2.2599E+0	2.6213E-2	3.8602E-2	3.4527E-2	2.9836E-2	Inf	9.5030E+4	6.8613E+4	5.4768E+4	7.5254E+4	-Inf	1370.000000	0.000000	0.0
2017-04-27 16:28:49	2.5716E+0	2.6687E+0	2.1081E+0	2.4583E+0	2.6086E-2	3.8878E-2	3.4615E-2	2.9422E-2	Inf	1.0064E+5	7.2661E+4	5.8710E+4	7.5744E+4	-Inf	1370.000000	0.000000	0.0
2017-04-27 16:28:50	2.4836E+0	2.4738E+0	2.0966E+0	2.3409E+0	2.5869E-2	3.8726E-2	3.4441E-2	2.9593E-2	Inf	9.8582E+4	6.8643E+4	6.0901E+4	8.3551E+4	-Inf	1370.000000	0.000000	0.0
2017-04-27 16:28:51	2.4492E+0	2.3715E+0	2.1547E+0	2.3283E+0	2.6033E-2	3.9178E-2	3.4602E-2	2.9749E-2	Inf	9.6007E+4	6.3881E+4	6.0876E+4	7.9104E+4	-Inf	1370.000000	0.000000	0.0
2017-04-27 16:28:52	2.2482E+0	2.2807E+0	2.1689E+0	2.4538E+0	2.6242E-2	3.9464E-2	3.4185E-2	2.9932E-2	Inf	9.4081E+4	6.0532E+4	6.2272E+4	7.8264E+4	-Inf	1370.000000	0.000000	0.0
2017-04-27 16:28:53	2.3568E+0	2.3522E+0	2.3002E+0	2.5525E+0	2.5948E-2	3.9668E-2	3.4037E-2	2.9983E-2	-3.7152E-5	8.5671E+4	5.7793E+4	6.3446E+4	8.1978E+4	-Inf	1370.000000	0.000000	0.0
2017-04-27 16:28:54	1.9938E+0	2.2002E+0	2.1649E+0	2.4726E+0	2.5794E-2	3.9301E-2	3.3871E-2	2.9932E-2	4.1640E-5	9.0827E+4	5.9298E+4	6.7579E+4	8.5133E+4	-Inf	1370.000000	0.000000	0.0
2017-04-27 16:28:55	1.9462E+0	2.1769E+0	2.1352E+0	2.3833E+0	2.5742E-2	3.9186E-2	3.3722E-2	3.0140E-2	3.2773E-5	7.7295E+4	5.5983E+4	6.3918E+4	8.2606E+4	-Inf	1370.000000	0.000000	0.0
2017-04-27 16:28:56	1.8823E+0	2.1883E+0	2.2169E+0	2.3804E+0	2.5530E-2	3.8970E-2	3.3873E-2	3.0269E-2	2.9088E-5	7.5603E+4	5.5553E+4	6.3318E+4	7.9072E+4	-Inf	1370.000000	0.000000	0.0
2017-04-27 16:28:57	1.8736E+0	2.1490E+0	2.3973E+0	2.4055E+0	2.5788E-2	3.9096E-2	3.3989E-2	3.0354E-2	2.3899E-5	7.3729E+4	5.6153E+4	6.5448E+4	7.8639E+4	-Inf	1370.000000	0.000000	0.0
2017-04-27 16:28:58	1.8754E+0	2.1665E+0	2.3857E+0	2.4414E+0	2.5564E-2	3.8991E-2	3.3990E-2	3.0300E-2	2.5502E-5	7.2656E+4	5.4969E+4	7.0531E+4	7.9249E+4	-Inf	1370.000000	0.000000	0.0
2017-04-27 16:28:59	1.8046E+0	2.1482E+0	2.6260E+0	2.3366E+0	2.5272E-2	3.9685E-2	3.4373E-2	3.0524E-2	2.5502E-5	7.3360E+4	5.5564E+4	7.0188E+4	8.0576E+4	-Inf	1370.000000	0.000000	0.0
2017-04-27 16:29:00	1.8538E+0	2.1591E+0	2.5532E+0	2.3615E+0	2.5527E-2	4.0101E-2	3.4240E-2	3.0793E-2	2.1617E-5	7.1407E+4	5.4132E+4	7.6395E+4	7.6550E+4	-Inf	1370.000000	0.000000	0.0
2017-04-27 16:29:01	1.8013E+0	2.2267E+0	2.4823E+0	2.3994E+0	2.5681E-2	4.0358E-2	3.4269E-2	3.1146E-2	6.7134E-5	7.2623E+4	5.3842E+4	7.4567E+4	7.6687E+4	-Inf	1370.000000	0.000000	0.0
2017-04-27 16:29:02	1.8513E+0	2.0621E+0	2.5195E+0	2.3543E+0	2.5717E-2	4.0742E-2	3.4222E-2	3.0974E-2	-2.1917E-4	7.0139E+4	5.5173E+4	7.2436E+4	7.7036E+4	-Inf	1370.000000	0.000000	0.0
2017-04-27 16:29:03	1.8972E+0	2.0110E+0	2.6241E+0	2.2787E+0	2.5591E-2	4.0984E-2	3.4029E-2	3.0794E-2	1.9095E-5	7.1986E+4	5.0614E+4	7.3624E+4	7.6010E+4	-Inf	1370.000000	0.000000	0.0
2017-04-27 16:29:04	1.9684E+0	1.9465E+0	2.6580E+0	2.1875E+0	2.5684E-2	4.1390E-2	3.4109E-2	3.0890E-2	-8.6814E-5	7.4134E+4	4.9068E+4	7.7115E+4	7.3997E+4	-Inf	1370.000000	0.000000	0.0
2017-04-27 16:29:05	1.9839E+0	2.0093E+0	2.5674E+0	2.1101E+0	2.5669E-2	4.1660E-2	3.4096E-2	3.0539E-2	-1.1327E-4	7.6638E+4	4.7027E+4	7.7927E+4	7.0817E+4	-Inf	1370.000000	0.000000	0.0
2017-04-27 16:29:06	2.0491E+0	2.1188E+0	2.6781E+0	2.1294E+0	2.5484E-2	4.1839E-2	3.4101E-2	3.0602E-2	-1.1327E-4	7.7287E+4	4.8230E+4	7.5299E+4	6.9093E+4	-Inf	1370.000000	0.000000	0.0
2017-04-27 16:29:07	2.1294E+0	2.1537E+0	2.7222E+0	2.1461E+0	2.5366E-2	4.1768E-2	3.4118E-2	3.0688E-2	-3.5591E-4	8.0406E+4	5.0642E+4	7.8535E+4	6.9582E+4	-Inf	1370.000000	0.000000	0.0
2017-04-27 16:29:08	2.0681E+0	2.1437E+0	2.8121E+0	2.2808E+0	2.5691E-2	4.1936E-2	3.4090E-2	3.0376E-2	2.0038E-5	8.3949E+4	5.1563E+4	7.9787E+4	6.9932E+4	-Inf	1370.000000	0.000000	0.0
2017-04-27 16:29:09	1.9502E+0	2.2226E+0	2.7516E+0	2.1788E+0	2.5656E-2	4.1949E-2	3.4108E-2	3.0361E-2	5.9626E-5	8.0501E+4	5.1119E+4	8.2490E+4	7.5084E+4	-Inf	1370.000000	0.000000	0.0
2017-04-27 16:29:10	2.0335E+0	2.1896E+0	2.8373E+0	2.2123E+0	2.5500E-2	4.1688E-2	3.4147E-2	3.0224E-2	5.8754E-5	7.6012E+4	5.2983E+4	8.0673E+4	7.1763E+4	-Inf	1370.000000	0.000000	0.0
2017-04-27 16:29:11	2.2000E+0	2.1860E+0	2.8656E+0	2.2968E+0	2.5509E-2	4.1657E-2	3.3680E-2	3.0190E-2	7.2972E-5	7.9746E+4	5.2523E+4	8.3092E+4	7.3196E+4	-Inf	1370.000000	0.000000	0.0
2017-04-27 16:29:12	2.2446E+0	2.2431E+0	2.9726E+0	2.3396E+0	2.5613E-2	4.1777E-2	3.3630E-2	3.0429E-2	8.2885E-5	8.6242E+4	5.2476E+4	8.5085E+4	7.6079E+4	-Inf	1370.000000	0.000000	0.0
2017-04-27 16:29:13	2.1944E+0	2.1199E+0	2.9882E+0	2.2335E+0	2.5704E-2	4.1707E-2	3.3349E-2	3.0023E-2	5.6805E-5	8.7638E+4	5.3693E+4	8.8392E+4	7.6886E+4	-Inf	1370.000000	0.000000	0.0
2017-04-27 16:29:14	2.2187E+0	2.0373E+0	3.1137E+0	2.1291E+0	2.5696E-2	4.1580E-2	3.3517E-2	3.0340E-2	5.3193E-5	8.5372E+4	5.0827E+4	8.9604E+4	7.4395E+4	-Inf	1370.000000	0.000000	0.0
2017-04-27 16:29:15	2.1538E+0	2.0619E+0	3.0387E+0	2.0910E+0	2.5559E-2	4.1706E-2	3.3349E-2	3.0264E-2	5.4016E-5	8.6346E+4	4.8998E+4	9.2901E+4	7.0173E+4	-Inf	1370.000000	0.000000	0.0
2017-04-27 16:29:16	2.0532E+0	2.0725E+0	3.1827E+0	2.0631E+0	2.5688E-2	4.1341E-2	3.3455E-2	3.0349E-2	4.9813E-5	8.4267E+4	4.9438E+4	9.1120E+4	6.9093E+4	-Inf	1370.000000	0.000000	0.0
2017-04-27 16:29:17	2.0740E+0	2.1270E+0	3.0158E+0	2.1326E+0	2.5767E-2	4.1694E-2	3.3334E-2	3.0487E-2	4.2449E-5	7.9927E+4	5.0132E+4	9.5136E+4	6.7979E+4	-Inf	1370.000000	0.000000	0.0
2017-04-27 16:29:18	2.0163E+0	2.0963E+0	2.9751E+0	2.2136E+0	2.5759E-2	4.1308E-2	3.3292E-2	3.0765E-2	3.8571E-5	8.0492E+4	5.1014E+4	9.0472E+4	6.9950E+4	-Inf	1370.000000	0.000000	0.0
2017-04-27 16:29:19	2.0677E+0	2.1638E+0	2.8160E+0	2.1243E+0	2.5904E-2	4.1554E-2	3.3410E-2	3.0780E-2	2.2734E-5	7.8275E+4	5.0747E+4	8.9363E+4	7.1954E+4	-Inf	1370.000000	0.000000	0.0
2017-04-27 16:29:20	2.1006E+0	2.2664E+0	2.7822E+0	1.9037E+0	2.6200E-2	4.1852E-2	3.3317E-2	3.0658E-2	2.2734E-5	7.9820E+4	5.2073E+4	8.4287E+4	6.9017E+4	-Inf	1370.000000	0.000000	0.0
2017-04-27 16:29:21	2.1118E+0	2.2289E+0	2.7419E+0	1.9088E+0	2.6286E-2	4.1564E-2	3.3466E-2	3.1039E-2	2.2757E-5	8.0175E+4	5.4152E+4	8.3507E+4	6.2096E+4	-Inf	1370.000000	0.000000	0.0
2017-04-27 16:29:22	2.1238E+0	2.3217E+0	2.7229E+0	1.8935E+0	2.6634E-2	4.1930E-2	3.3242E-2	3.0907E-2	-1.5347E-5	8.0341E+4	5.3625E+4	8.1931E+4	6.1498E+4	-Inf	1370.000000	0.000000	0.0
2017-04-27 16:29:23	2.0621E+0	2.2923E+0	2.6741E+0	1.9351E+0	2.6380E-2	4.1320E-2	3.3013E-2	3.0849E-2	1.5409E-5	7.9740E+4	5.5371E+4	8.1912E+4	6.1264E+4	-Inf	1370.000000	0.000000	0.0
2017-04-27 16:29:24	1.9338E+0	2.2168E+0	2.5678E+0	1.7952E+0	2.6450E-2	4.1580E-2	3.3275E-2	3.0447E-2	4.9603E-5	7.8170E+4	5.5478E+4	8.1002E+4	6.2727E+4	-Inf	1370.000000	0.000000	0.0
2017-04-27 16:29:25	2.2162E+0	2.4145E+0	2.5898E+0	1.8631E+0	2.6204E-2	4.1444E-2	3.3257E-2	3.0265E-2	3.6670E-5	7.3113E+4	5.3316E+4	7.7169E+4	5.8962E+4	-Inf	1370.000000	0.000000	0.0
2017-04-27 16:29:26	2.2818E+0	2.4537E+0	2.6498E+0	1.9177E+0	2.6304E-2	4.1484E-2	3.3188E-2	3.0233E-2	4.1485E-5	8.4575E+4	5.8260E+4	7.7871E+4	6.1560E+4	-Inf	1370.000000	0.000000	0.0
2017-04-27 16:29:27	2.2634E+0	2.3916E+0	2.5866E+0	1.8597E+0	2.6325E-2	4.1608E-2	3.4105E-2	2.9992E-2	3.4605E-5	8.6747E+4	5.9147E+4	7.9843E+4	6.3433E+4	-Inf	1370.000000	0.000000	0.0
2017-04-27 16:29:28	2.2980E+0	2.4470E+0	2.4189E+0	1.7981E+0	2.6336E-2	4.1106E-2	3.3663E-2	3.0305E-2	-8.0171E-6	8.5978E+4	5.7480E+4	7.5843E+4	6.2006E+4	-Inf	1370.000000	0.000000	0.0
2017-04-27 16:29:29	2.2603E+0	2.4101E+0	2.4425E+0	1.7771E+0	2.6148E-2	4.0742E-2	3.3290E-2	3.0088E-2	3.7754E-5	8.7257E+4	5.9529E+4	7.1855E+4	5.9334E+4	-Inf	1370.000000	0.000000	0.0
2017-04-27 16:29:30	2.3614E+0	2.4459E+0	2.1900E+0	1.8446E+0	2.6208E-2	4.1079E-2	3.3434E-2	3.0501E-2	1.4056E-5	8.6442E+4	5.9156E+4	7.3372E+4	5.9062E+4	-Inf	1370.000000	0.000000	0.0
2017-04-27 16:29:31	2.3020E+0	2.3022E+0	2.1857E+0	1.8375E+0	2.6395E-2	4.1037E-2	3.3635E-2	3.0595E-2	-1.4154E-4	9.0105E+4	5.9540E+4	6.5502E+4	6.0477E+4	-Inf	1370.000000	0.000000	0.0
2017-04-27 16:29:32	2.3880E+0	2.2398E+0	2.2369E+0	1.7621E+0	2.6441E-2	4.1347E-2	3.3620E-2	3.0496E-2	1.1226E-4	8.7214E+4	5.6101E+4	6.4985E+4	6.0058E+4	-Inf	1370.000000	0.000000	0.0
2017-04-27 16:29:33	2.3724E+0	2.3200E+0	2.2671E+0	1.7604E+0	2.6644E-2	4.1031E-2	3.3426E-2	3.0919E-2	8.4061E-5	9.0314E+4	5.4170E+4	6.6534E+4	5.7781E+4	-Inf	1370.000000	0.000000	0.0
2017-04-27 16:29:34	2.3582E+0	2.3917E+0	2.1387E+0	1.8014E+0	2.6835E-2	4.0996E-2	3.3567E-2	3.1141E-2	-1.1227E-4	8.9040E+4	5.6543E+4	6.7824E+4	5.6934E+4	-Inf	1370.000000	0.000000	0.0
2017-04-27 16:29:35	2.3642E+0	2.4649E+0	2.3184E+0	2.0932E+0	2.6828E-2	4.0905E-2	3.3605E-2	3.1268E-2	-1.1227E-4	8.7877E+4	5.8341E+4	6.3714E+4	5.7848E+4	-Inf	1370.000000	0.000000	0.0
2017-04-27 16:29:36	2.3741E+0	2.4325E+0	2.3924E+0	2.1696E+0	2.6402E-2	4.1329E-2	3.3443E-2	3.1723E-2	-1.7040E-5	8.8124E+4	6.0259E+4	6.8990E+4	6.6944E+4	-Inf	1370.000000	0.000000	0.0
2017-04-27 16:29:37	2.2646E+0	2.4973E+0	2.4730E+0	2.1781E+0	2.6482E-2	4.1830E-2	3.3561E-2	3.1517E-2	4.3326E-5	8.9922E+4	5.8857E+4	7.1537E+4	6.8391E+4	-Inf	1370.000000	0.000000	0.0
2017-04-27 16:29:38	2.1933E+0	2.4853E+0	2.4124E+0	2.1635E+0	2.6390E-2	4.1677E-2	3.3336E-2	3.1086E-2	3.3290E-5	8.5517E+4	5.9702E+4	7.3688E+4	6.9108E+4	-Inf	1370.000000	0.000000	0.0
2017-04-27 16:29:39	2.2380E+0	2.4783E+0	2.2856E+0	2.1343E+0	2.6274E-2	4.1136E-2	3.3403E-2	3.1103E-2	9.6122E-5	8.3112E+4	5.9633E+4	7.2364E+4	6.9598E+4	-Inf	1370.000000	0.000000	0.0
2017-04-27 16:29:40	2.3752E+0	2.4165E+0	2.3151E+0	2.2333E+0	2.6118E-2	4.1376E-2	3.3212E-2	3.1238E-2	2.8386E-5	8.5179E+4	6.0246E+4	6.8426E+4	6.8621E+4	-Inf	1370.000000	0.000000	0.0
2017-04-27 16:29:41	2.4332E+0	2.3365E+0	2.3320E+0	2.2745E+0	2.6329E-2	4.1470E-2	3.3031E-2	3.1174E-2	1.7141E-5	9.0941E+4	5.8403E+4	6.9707E+4	7.1494E+4	-Inf	1370.000000	0.000000	0.0
2017-04-27 16:29:42	2.2823E+0	2.3501E+0	2.2681E+0	2.1885E+0	2.6477E-2	4.1077E-2	3.3277E-2	3.1109E-2	-4.1254E-5	9.2416E+4	5.6341E+4	7.0602E+4	7.2960E+4	-Inf	1370.000000	0.000000	0.0
2017-04-27 16:29:43	2.3005E+0	2.2859E+0	2.4516E+0	2.3697E+0	2.6504E-2	4.1181E-2	3.2991E-2	3.1221E-2	-2.5329E-4	8.6199E+4	5.7212E+4	6.8158E+4	7.0348E+4	-Inf	1370.000000	0.000000	0.0
2017-04-27 16:29:44	2.3578E+0	2.4202E+0	2.4003E+0	2.4849E+0	2.6626E-2	4.1065E-2	3.3223E-2	3.1588E-2	5.2197E-5	8.6797E+4	5.5508E+4	7.4313E+4	7.5900E+4	-Inf	1370.000000	0.000000	0.0
2017-04-27 16:29:45	2.3683E+0	2.3759E+0	2.3957E+0	2.4567E+0	2.6374E-2	4.1192E-2	3.3025E-2	3.1649E-2	6.3215E-5	8.8552E+4	5.8936E+4	7.2249E+4	7.8665E+4	-Inf	1370.000000	0.000000	0.0
2017-04-27 16:29:46	2.4476E+0	2.3723E+0	2.4278E+0	2.5192E+0	2.6348E-2	4.1282E-2	3.3447E-2	3.1810E-2	5.6177E-5	8.9796E+4	5.7678E+4	7.2542E+4	7.7625E+4	-Inf	1370.000000	0.000000	0.0
